3429 
0: 1093 1620 3083 3087 3110 3112 3208 
1: 1093 1614 2558 3083 
2: 1093 3083 3107 
3: 1089 1138 1139 
4: 1107 2539 2540 
5: 1098 1261 1262 
6: 1093 3123 3124 
7: 1098 2537 2538 
8: 1110 1147 1148 
9: 1110 1256 1257 
10: 1103 1131 1133 
11: 1110 1115 1117 
12: 1110 1127 1128 1129 1130 
13: 1110 1128 1129 
14: 1110 1258 1259 
15: 1093 1267 1268 1269 1270 1271 
16: 1093 1615 1616 3083 
17: 1099 3000 
18: 1111 
19: 1102 2896 
20: 1107 1122 1123 
21: 1110 1124 1213 3134 
22: 1104 3093 3094 
23: 1110 1121 2525 
24: 1096 3201 
25: 1098 1618 1619 
26: 1098 1261 1262 
27: 1103 1131 1133 
28: 1103 1131 1133 
29: 1110 1115 1116 
30: 1104 1476 1477 1478 1479 
31: 1102 2639 
32: 1098 2569 
33: 1104 1659 1660 1661 
34: 1110 3156 3157 3233 
35: 1110 3158 3159 3366 
36: 1089 2601 2602 2603 2604 
37: 1096 1436 
38: 1107 3033 
39: 1107 3183 
40: 1099 3069 3127 
41: 1110 3149 3150 3326 
42: 1103 3155 
43: 1100 2902 
44: 1110 3151 3152 
45: 1110 3151 3152 3261 
46: 1110 3156 3157 3371 
47: 1110 3160 3161 3374 
48: 1110 3149 3150 3291 
49: 1103 3148 
50: 1110 3118 
51: 1103 3148 
52: 1098 2568 3162 
53: 1098 2568 3162 
54: 1110 1136 1137 
55: 1110 1116 1117 
56: 1103 1211 1212 
57: 1102 3070 3071 
58: 1110 3151 3152 
59: 1110 3153 3154 
60: 1103 3155 
61: 1087 2623 2624 2625 2626 
62: 1087 2627 2646 2921 2922 
63: 1110 3153 3154 
64: 1089 2601 2602 2603 2604 
65: 1093 2408 3076 
66: 1110 3160 3161 3302 
67: 1111 
68: 1110 3118 
69: 1110 3125 3309 
70: 1098 2542 2648 2695 2968 
71: 1110 3153 3154 
72: 1110 3158 3159 3338 
73: 1093 1540 2647 3208 
74: 1093 1539 2567 
75: 1107 2851 2917 
76: 1098 2569 
77: 1090 2597 2598 2599 2600 
78: 1104 3017 3018 
79: 1104 3015 3016 
80: 1087 1673 1674 1675 1689 1690 1691 1692 1693 1694 1695 
81: 1093 3077 3176 
82: 1110 1124 1132 
83: 1110 1125 1126 
84: 1103 1131 1133 
85: 1098 1260 1261 
86: 1087 1489 1490 1491 1492 1493 
87: 1087 1676 1677 1678 1686 1687 1688 
88: 1093 1541 1542 3202 
89: 1087 
90: 1090 1718 1719 1720 1721 1722 1723 1724 
91: 1087 2502 2503 2504 2505 
92: 1087 1698 1699 1704 1705 
93: 1087 1672 
94: 1087 1489 2361 2362 2363 2364 
95: 1104 1663 1664 1665 1666 1667 
96: 1087 1668 1669 1670 1671 
97: 1095 1713 1714 1715 1716 3177 
98: 1087 2506 2507 2508 2509 
99: 1089 1725 1726 1727 1728 
100: 1089 1481 1482 1483 1484 
101: 1087 2521 2522 2523 2524 
102: 1087 1679 1680 1681 
103: 1093 1682 1683 1684 1685 
104: 1087 1241 1242 1243 1244 
105: 1092 
106: 1089 1696 1697 1700 1701 1702 1703 
107: 1093 
108: 1090 1185 1188 1709 1710 1711 1712 
109: 1092 
110: 1091 
111: 1087 1234 1235 1236 1237 
112: 1094 2476 
113: 1093 1167 1168 1169 1170 
114: 1087 
115: 1093 1745 1746 1747 1748 
116: 1093 2245 2258 
117: 1112 
118: 1089 3203 3219 3220 
119: 1104 2570 2571 2572 2573 
120: 1091 
121: 1090 2496 2497 2498 2499 2500 2501 
122: 1096 2486 
123: 1112 
124: 1104 1706 1707 1708 1717 2783 
125: 1093 1247 1248 1249 1250 
126: 1089 3045 3046 3072 3073 3074 3075 
127: 1094 1332 1333 1334 1335 1336 1337 
128: 1094 
129: 1094 2295 
130: 1094 
131: 1091 
132: 1094 1783 1784 1785 1786 1787 1788 1789 1790 1816 1817 
133: 1091 
134: 1104 1737 1738 1739 1740 1741 1742 1743 1744 
135: 1089 1782 
136: 1091 
137: 1091 
138: 1104 2554 2555 2556 
139: 1093 2285 2286 2287 2288 
140: 1092 
141: 1088 2487 2488 2489 2490 
142: 1090 1754 1755 1756 1757 1758 1759 1760 1761 1762 1763 1764 1765 1766 1767 1768 1769 1770 1771 1772 1794 1795 1796 1797 1798 1799 1800 1801 1802 1803 1804 1805 1806 1807 
143: 1090 2482 2483 2484 2485 
144: 1092 
145: 1089 1749 1750 1751 1752 1753 
146: 1092 2477 2478 2479 2480 
147: 1088 
148: 1091 
149: 1092 1339 1340 1341 
150: 1104 2718 2719 
151: 1089 1808 
152: 1106 3003 3024 
153: 1089 1818 1819 1820 1821 
154: 1098 1382 1383 1384 1385 1386 1387 1388 1389 1390 1391 1392 1428 1429 
155: 1093 
156: 1092 1830 1831 1832 1833 
157: 1093 2297 
158: 1094 1773 1774 1775 
159: 1094 1730 1731 1732 1733 1734 1735 1736 
160: 1111 
161: 1089 2293 2294 2305 
162: 1089 1750 1751 2298 2299 2300 2301 
163: 1093 2399 2400 
164: 1093 1319 1320 1321 1322 
165: 1089 1791 1792 1814 1815 
166: 1094 1220 1221 1222 1223 1224 1225 1226 1227 
167: 1094 1735 1736 1822 1823 1824 1825 
168: 1089 1776 1777 1778 1779 1780 1781 
169: 1094 
170: 1111 
171: 1098 
172: 1111 
173: 1111 
174: 1094 1888 1889 
175: 1090 1729 
176: 1101 1829 
177: 1111 2397 2398 
178: 1111 1544 1545 
179: 1106 2588 2589 
180: 1092 2440 2441 2442 2443 2474 2475 
181: 1101 1793 
182: 1106 3121 
183: 1101 1793 
184: 1097 1809 1810 1811 1812 1813 
185: 1092 1439 1440 1441 1442 1443 
186: 1092 
187: 1101 1793 
188: 1093 1907 1909 2454 2455 
189: 1089 1263 1264 1265 1266 
190: 1111 
191: 1093 1134 1135 
192: 1093 
193: 1093 1454 1455 1456 1466 1467 
194: 1111 1549 1550 1551 1552 2618 3005 
195: 1111 1291 1292 1293 1294 
196: 1087 
197: 1087 
198: 1094 1730 1735 1736 1855 1856 1857 1858 1859 1860 1861 1862 1863 1864 
199: 1093 
200: 1111 
201: 1093 1290 
202: 1092 
203: 1111 1529 1530 1531 1532 1533 1534 1535 1536 1537 1538 
204: 1093 2383 2384 2385 2386 
205: 1093 1571 1572 1573 1574 
206: 1093 
207: 1093 1555 1556 
208: 1094 
209: 1111 1546 1547 1548 1553 1554 2617 3004 
210: 1093 
211: 1093 
212: 1111 1276 1277 1278 1279 1280 1281 1282 1283 1284 1285 
213: 1093 
214: 1093 1577 1578 1579 1580 1581 1582 3189 
215: 1111 1557 1558 1559 1560 1561 1562 1563 1564 1565 1566 
216: 1093 1272 1273 1274 1275 
217: 1093 
218: 1093 1599 1600 1601 1602 
219: 1111 1583 1584 1585 1586 1587 1588 1589 1590 1591 1592 
220: 1093 3111 3193 3194 3195 3196 
221: 1111 
222: 1093 1593 1594 1595 1596 
223: 1093 
224: 1087 
225: 1087 2387 2388 2389 2390 
226: 1093 1607 2557 3066 
227: 1093 1118 2557 3066 
228: 1093 1603 1604 1605 1606 3122 
229: 1093 1609 2557 3066 
230: 1093 1608 2557 3066 
231: 1087 1524 1525 1526 1527 
232: 1087 
233: 1092 2415 2416 2417 2422 
234: 1093 1567 1568 1569 1570 2549 2793 2794 2795 2796 2797 2798 2799 2800 2801 2802 2803 2804 2805 2806 2807 2808 2809 2810 2811 2812 2813 2814 2815 2816 2817 2818 2819 2820 2821 2822 2823 2824 2825 2826 2827 2828 2829 2845 3108 
235: 1093 
236: 1093 1959 2008 2077 2078 2079 
237: 1093 
238: 1087 1286 1287 1288 1289 2989 3036 
239: 1093 
240: 1093 1959 1997 1998 1999 2000 
241: 1095 1826 
242: 1093 
243: 1099 2563 
244: 1093 
245: 1104 2356 
246: 1093 
247: 1106 1119 1120 2757 2758 
248: 1090 1834 1835 1836 1837 
249: 1093 
250: 1090 3078 3192 3270 
251: 1099 1201 
252: 1090 3078 3216 3333 
253: 1090 3078 3190 3272 
254: 1111 2526 2548 
255: 1090 3078 
256: 1091 1937 1938 
257: 1090 3078 
258: 1090 1939 1954 1955 1956 1957 
259: 1101 1915 1960 1961 1962 
260: 1093 1845 1874 1875 1876 
261: 1101 1343 1344 
262: 1094 2331 2332 2333 2334 2335 2336 
263: 1091 1919 
264: 1104 2340 2341 2342 2343 2344 2345 2346 
265: 1090 2357 2358 2359 2360 
266: 1092 1927 1928 1929 
267: 1090 1892 1893 1894 
268: 1099 1326 
269: 1093 1943 
270: 1093 3086 
271: 1093 2714 2715 3122 
272: 1090 2027 2028 2029 2030 
273: 1092 2001 2014 
274: 1112 
275: 1091 1177 2355 
276: 1091 1177 1178 
277: 1101 1906 1913 1914 1915 
278: 1089 1342 
279: 1096 1189 1190 1191 
280: 1089 1846 1847 1848 1849 
281: 1093 2289 2290 2291 2292 
282: 1095 1826 
283: 1100 1947 1948 1949 
284: 1111 2788 2876 2877 2878 
285: 1090 1854 
286: 1098 1382 1383 1384 1385 1386 1387 1388 1389 1390 1392 1428 1429 1543 1618 1619 2306 2527 2528 2529 2530 2531 2533 2534 2535 2541 2544 2546 
287: 1091 1202 
288: 1104 1940 1941 1942 
289: 1111 2717 2756 3353 
290: 1094 
291: 1089 1230 1231 1232 
292: 1091 2282 2283 2284 
293: 1101 1345 
294: 1095 1826 
295: 1092 1916 1917 1918 
296: 1090 1402 1403 
297: 1090 1208 1209 
298: 1091 
299: 1091 2320 
300: 1089 1499 1500 1501 1502 1503 1504 1505 1506 1507 1508 1509 1510 1511 1512 1513 1514 1515 1516 1517 1518 2776 2777 2778 2779 2780 2781 2782 3163 
301: 1089 2907 2908 2909 2910 2911 2912 2913 3147 
302: 1112 2669 2898 2899 2900 3144 3305 
303: 1111 2881 2882 2905 
304: 1105 1622 1623 1624 1625 1626 1627 1628 1629 1630 1631 1632 1633 1634 1635 1636 1637 1638 1639 1640 1641 2942 2943 2944 2945 2946 2947 2948 3113 3169 3237 
305: 1095 2786 2994 2995 
306: 1089 2551 2552 2553 2660 2661 2662 
307: 1094 
308: 1092 2734 
309: 1090 2321 2327 
310: 1112 2669 2898 3144 3305 
311: 1105 2760 3113 
312: 1112 2645 2649 
313: 1089 3113 
314: 1094 2772 2773 2774 2775 
315: 1100 3215 3228 
316: 1099 2866 2867 
317: 1095 3146 3254 
318: 1104 3026 3027 3028 3029 3030 
319: 1090 1995 1996 2010 2011 
320: 1095 2884 
321: 1104 2664 2665 3207 
322: 1100 2789 
323: 1090 2042 
324: 1092 3021 3022 
325: 1093 3114 3115 3117 
326: 1098 2560 2565 2566 2830 2831 2832 2833 2834 2835 2836 2837 2838 2839 2840 2841 2842 2843 2844 2856 
327: 1103 2957 2969 3020 
328: 1099 2975 2976 2977 2982 
329: 1099 2790 2791 2848 2849 
330: 1096 2659 2901 2933 3205 3206 
331: 1112 2637 2638 
332: 1089 2978 2979 3182 3341 
333: 1104 2641 
334: 1110 3222 3223 3224 
335: 1099 2784 2785 
336: 1104 2906 
337: 1104 2956 
338: 1104 2956 3316 
339: 1098 3031 3032 
340: 1100 2319 
341: 1103 2770 2771 
342: 1089 2666 
343: 1102 2545 3249 
344: 1104 2590 3178 3303 
345: 1095 3146 
346: 1100 3209 3210 3211 
347: 1107 2860 2861 2862 2863 2864 2865 3328 
348: 1104 2605 
349: 1096 3175 3279 3310 
350: 1096 1657 3130 3231 3275 3295 3298 3335 3350 
351: 1104 2924 2925 2926 2928 2929 3346 3356 
352: 1102 2592 3035 3269 3296 3340 3361 
353: 1104 2685 2868 3025 
354: 1090 2574 2575 3372 
355: 1104 2761 2762 2763 
356: 1088 1160 1161 
357: 1102 
358: 1104 2654 2655 2656 2657 2658 3318 
359: 1104 2729 2730 2731 
360: 1099 2958 
361: 1090 2983 3314 
362: 1100 1480 
363: 1096 3227 3307 
364: 1107 2914 2915 3312 
365: 1113 2746 3263 
366: 1090 2372 2373 2381 
367: 1099 2470 2471 
368: 1097 2106 
369: 1106 2318 
370: 1105 2365 2366 2367 2368 2369 3170 
371: 1090 1393 
372: 1090 1181 
373: 1090 
374: 1096 1196 1197 1198 1199 
375: 1099 1317 
376: 1103 1254 1255 
377: 1103 1883 
378: 1090 3103 3104 
379: 1090 3103 3104 
380: 1099 2236 2412 2413 2414 2424 
381: 1101 2002 2003 
382: 1091 
383: 1098 2104 2105 
384: 1090 2984 3362 
385: 1090 2887 3089 3097 3166 3167 3168 3281 
386: 1090 2462 2463 2464 2465 
387: 1093 1877 1878 1879 1880 1881 
388: 1099 1977 
389: 1096 1978 1979 1980 1981 
390: 1112 1950 1951 1952 1953 
391: 1090 2961 2962 2963 2964 2965 
392: 1096 3132 3293 3321 3334 
393: 1090 1394 1395 1396 1397 
394: 1094 2338 
395: 1106 1318 
396: 1088 2075 
397: 1096 3059 
398: 1101 
399: 1093 1159 
400: 1093 1884 1885 1886 1887 
401: 1103 1905 
402: 1103 2423 
403: 1100 3128 3288 
404: 1104 2931 2932 
405: 1091 2120 2121 2122 
406: 1102 1142 1158 
407: 1091 1314 1315 1316 
408: 1091 1982 1983 1984 1985 
409: 1091 2120 2121 2122 
410: 1090 2846 3116 3262 
411: 1103 1904 
412: 1100 1370 
413: 1091 
414: 1090 1850 1851 1852 1853 
415: 1104 2114 2115 2116 
416: 1104 1150 1151 
417: 1091 2120 2121 2122 
418: 1112 1166 
419: 1101 2065 
420: 1108 2613 2614 3332 3348 
421: 1099 2095 
422: 1099 1838 1839 
423: 1103 1931 1932 
424: 1088 1140 1141 
425: 1096 2749 2750 2751 2752 
426: 1093 1878 2004 2005 2006 2007 3019 
427: 1092 1844 2094 
428: 1090 2370 2371 
429: 1113 1338 
430: 1104 2054 2055 
431: 1104 3204 
432: 1101 
433: 1089 2425 2426 
434: 1088 2427 2428 2429 2430 2431 2432 2433 
435: 1104 3034 3232 
436: 1104 2307 2308 
437: 1103 1974 
438: 1090 1882 
439: 1090 
440: 1090 
441: 1090 2959 3090 3236 3289 
442: 1090 1185 1186 1187 1188 
443: 1102 1963 1964 1965 1966 1967 1968 1969 1970 1971 1972 
444: 1099 
445: 1090 1958 
446: 1092 2663 
447: 1094 1730 1735 1736 
448: 1090 2085 2086 
449: 1097 2457 2458 2459 2460 2461 2472 2473 
450: 1088 2096 2097 2098 2099 2100 2101 2102 2103 
451: 1099 2316 2317 
452: 1103 2081 2118 2119 
453: 1104 3186 
454: 1099 2035 2036 2037 
455: 1093 
456: 1103 1973 1974 
457: 1097 2743 2744 3282 3354 
458: 1112 
459: 1090 2085 2086 
460: 1104 2269 
461: 1104 2721 
462: 1093 1253 
463: 1112 1452 1453 
464: 1099 2136 
465: 1103 1883 
466: 1101 2002 2003 
467: 1108 2709 2710 2711 2712 2713 
468: 1101 
469: 1094 1448 1449 1450 1451 
470: 1101 
471: 1103 2080 
472: 1112 
473: 1093 
474: 1090 
475: 1113 
476: 1094 2374 2375 2376 2377 2378 2379 2380 
477: 1109 2056 
478: 1103 2013 2409 2410 2411 
479: 1088 2449 2450 
480: 1090 2610 2888 2903 
481: 1104 3084 
482: 1093 2066 2067 2068 2069 
483: 1106 1924 1925 1926 
484: 1102 1176 
485: 1104 1373 1374 1375 1376 
486: 1092 2543 
487: 1093 2139 
488: 1093 1907 1908 1909 
489: 1109 2056 2434 2435 
490: 1093 2451 2453 
491: 1113 3082 3359 
492: 1092 2444 2445 
493: 1101 2419 2420 
494: 1093 
495: 1103 1905 
496: 1104 1890 1891 
497: 1099 3060 3061 
498: 1104 2446 2447 
499: 1099 1872 
500: 1094 2350 2351 2352 2353 
501: 1090 1181 
502: 1096 3120 3244 3297 
503: 1093 1380 1381 
504: 1090 2952 2953 3278 3283 
505: 1094 1900 1901 1902 1903 
506: 1090 2337 2347 2348 
507: 1090 
508: 1106 2495 
509: 1089 
510: 1093 2451 2452 
511: 1093 1986 1987 1988 1989 
512: 1099 2339 
513: 1099 1355 1356 1357 
514: 1103 2015 2016 2017 2018 2019 
515: 1103 2015 2016 2017 2018 2019 
516: 1102 2270 2271 
517: 1094 
518: 1103 2117 
519: 1090 2070 
520: 1113 2768 
521: 1093 1398 1399 1400 1401 
522: 1088 
523: 1093 3065 
524: 1088 
525: 1093 
526: 1103 1358 
527: 1091 1177 1178 1179 1210 
528: 1112 2330 
529: 1089 2137 
530: 1093 2124 
531: 1104 1144 1145 1146 
532: 1108 2742 3230 
533: 1101 1143 2745 
534: 1097 1404 1405 1406 1407 1408 1409 1410 1411 1412 1413 1414 1415 1416 1417 1418 1419 1420 1421 1422 1423 
535: 1094 1975 
536: 1097 1348 1349 1350 1351 1352 1353 
537: 1089 1990 
538: 1099 2012 
539: 1099 1933 
540: 1104 2159 2160 2161 3085 
541: 1097 
542: 1100 1233 
543: 1090 1192 1193 1194 1195 
544: 1090 
545: 1104 2722 
546: 1104 2697 
547: 1090 2372 2418 2421 
548: 1100 2177 
549: 1103 1883 
550: 1089 
551: 1088 1895 1896 1897 1898 
552: 1113 
553: 1104 2698 
554: 1091 
555: 1099 
556: 1099 2349 
557: 1113 2792 
558: 1093 3171 
559: 1093 
560: 1093 
561: 1093 
562: 1103 2033 2034 
563: 1090 1156 
564: 1099 
565: 1094 2437 2438 
566: 1088 1229 
567: 1094 1327 1328 1329 1330 1331 
568: 1103 
569: 1100 2071 2266 
570: 1103 
571: 1093 
572: 1097 2187 2215 2216 2217 
573: 1089 2403 2404 2405 2406 
574: 1103 1905 
575: 1104 2456 
576: 1100 2020 
577: 1106 3213 
578: 1100 2020 
579: 1094 2039 2040 2041 
580: 1101 3181 
581: 1090 2593 2594 
582: 1113 
583: 1106 1245 2684 2987 
584: 1093 
585: 1105 2164 2165 2166 
586: 1093 1380 
587: 1089 2696 
588: 1089 2323 
589: 1100 2185 
590: 1103 2013 
591: 1089 1424 1457 1458 1459 1460 
592: 1103 
593: 1113 2869 2870 
594: 1109 2062 2063 2064 
595: 1106 2043 2044 2045 
596: 1095 
597: 1090 2031 2032 
598: 1106 2046 2047 2048 2049 
599: 1103 
600: 1106 
601: 1106 
602: 1093 
603: 1113 
604: 1098 2186 
605: 1101 
606: 1101 
607: 1104 2550 
608: 1104 2729 2730 2731 
609: 1104 2699 
610: 1100 
611: 1090 
612: 1106 3179 
613: 1093 2157 
614: 1112 2724 2725 
615: 1106 
616: 1093 
617: 1090 2188 2189 2190 2191 
618: 1090 2192 2193 2194 2195 2196 2197 2198 2199 2200 2201 2202 2203 2204 
619: 1090 
620: 1113 2873 2874 2875 2885 2886 
621: 1103 2228 
622: 1105 2643 2644 
623: 1102 2997 
624: 1108 1371 1372 
625: 1099 2021 
626: 1108 
627: 1100 3164 
628: 1090 
629: 1093 1878 2076 2084 2125 2126 
630: 1106 
631: 1113 
632: 1090 3252 
633: 1113 1308 
634: 1099 2448 
635: 1110 
636: 1090 
637: 1090 1899 
638: 1090 2189 2190 2205 2206 2207 2208 2209 2210 
639: 1104 1447 
640: 1108 1425 2667 2668 
641: 1108 
642: 1108 2050 2051 
643: 1108 
644: 1094 1773 1774 1775 
645: 1104 2309 
646: 1106 3098 
647: 1113 2436 
648: 1109 3080 
649: 1096 3225 
650: 1106 3184 3185 
651: 1094 
652: 1089 
653: 1089 
654: 1104 1309 1310 1311 
655: 1113 3188 
656: 1093 
657: 1098 
658: 1099 1152 1153 1154 1155 1157 
659: 1089 3342 
660: 1090 2311 2312 2313 2314 
661: 1090 1165 
662: 1098 2606 
663: 1088 1366 1367 1369 1944 
664: 1109 3217 
665: 1103 2670 2951 3002 3081 
666: 1103 3106 
667: 1113 2407 
668: 1093 
669: 1109 2230 
670: 1105 1171 1172 1173 1174 
671: 1088 1161 1430 2075 2229 
672: 1092 
673: 1103 1297 
674: 1104 3063 3064 
675: 1105 1303 1304 1305 1465 
676: 1102 
677: 1109 
678: 1102 2941 
679: 1102 1437 1438 3105 
680: 1113 1976 
681: 1106 2123 
682: 1106 1206 1207 
683: 1106 
684: 1094 1975 
685: 1113 2061 
686: 1090 2260 2261 
687: 1113 
688: 1112 
689: 1112 2138 
690: 1098 2611 2612 
691: 1109 1910 3079 
692: 1106 2211 2212 2213 2214 
693: 1104 1214 1215 1216 2700 2701 
694: 1113 1912 
695: 1097 2736 3331 
696: 1094 1975 
697: 1112 2218 3313 
698: 1100 
699: 1113 2296 
700: 1106 2053 2127 2128 
701: 1089 
702: 1109 
703: 1107 2252 
704: 1104 2559 
705: 1113 2052 3247 
706: 1113 2107 
707: 1088 
708: 1088 
709: 1106 2310 
710: 1093 
711: 1099 2650 2651 2652 
712: 1100 
713: 1099 2167 2168 
714: 1103 
715: 1090 
716: 1110 1219 
717: 1110 
718: 1110 2231 
719: 1100 3277 
720: 1090 
721: 1113 2222 
722: 1110 
723: 1110 
724: 1110 2231 3235 
725: 1105 2232 2233 2234 
726: 1113 1298 1299 1300 1301 
727: 1112 2158 
728: 1103 2642 
729: 1109 2916 
730: 1103 2986 3023 
731: 1090 
732: 1096 
733: 1113 
734: 1093 
735: 1106 
736: 1109 
737: 1109 2169 
738: 1099 2235 2236 2237 2238 2239 2240 2241 
739: 1099 2242 2243 
740: 1104 2162 
741: 1099 
742: 1099 
743: 1099 1200 
744: 1093 
745: 1106 2226 3095 3096 3300 3308 
746: 1109 1910 3079 
747: 1103 
748: 1100 2224 2225 
749: 1096 
750: 1096 2939 2940 3250 3330 
751: 1105 2326 
752: 1096 3040 3041 
753: 1106 3292 
754: 1104 
755: 1104 2988 
756: 1097 
757: 1093 1271 2466 2467 2468 2469 
758: 1113 2705 
759: 1109 2439 
760: 1103 
761: 1105 2083 2262 
762: 1104 1427 
763: 1108 2576 2577 
764: 1104 1433 1434 1435 
765: 1101 2244 
766: 1093 
767: 1093 2109 2110 2111 2112 2113 3111 3197 3198 3199 3200 
768: 1090 3349 
769: 1109 1426 
770: 1106 
771: 1110 
772: 1100 
773: 1109 
774: 1105 2180 2181 2249 2250 2251 
775: 1109 
776: 1110 
777: 1093 
778: 1101 2996 3243 
779: 1108 
780: 1113 3142 
781: 1093 2057 2058 2059 2060 3165 
782: 1105 1175 
783: 1093 2139 
784: 1098 2186 
785: 1100 3172 3323 
786: 1103 
787: 1097 1238 
788: 1100 
789: 1108 
790: 1109 
791: 1100 2108 
792: 1090 2253 2254 3262 
793: 1093 
794: 1113 
795: 1099 1217 1218 
796: 1106 3187 
797: 1104 1945 1946 
798: 1110 
799: 1106 
800: 1106 2178 
801: 1090 
802: 1106 2871 2872 
803: 1100 2071 2074 
804: 1099 1468 1469 1470 
805: 1090 
806: 1110 
807: 1110 
808: 1106 
809: 1106 
810: 1109 2169 
811: 1097 2255 2256 
812: 1103 2304 
813: 1106 
814: 1092 3265 
815: 1106 3180 
816: 1106 
817: 1112 
818: 1104 3320 
819: 1090 
820: 1099 2223 
821: 1110 1219 3352 
822: 1104 3101 3102 
823: 1108 2723 
824: 1096 3009 3010 3011 3012 3013 3014 3231 3275 3295 3298 3335 3350 
825: 1097 1313 
826: 1097 1655 1656 2934 2935 
827: 1108 2038 2147 2148 2149 2150 2151 
828: 1106 2520 3245 
829: 1095 3255 3325 
830: 1106 2481 
831: 1107 2620 2621 
832: 1113 2272 2273 
833: 1105 3037 3038 3044 
834: 1099 2518 2519 
835: 1099 1201 
836: 1106 2274 2275 
837: 1105 1445 1446 3317 3368 
838: 1093 2382 
839: 1096 2172 2173 2174 3253 3276 3351 
840: 1109 3133 
841: 1104 2974 
842: 1107 2175 2176 
843: 1106 2257 
844: 1107 2609 
845: 1107 2402 
846: 1106 2219 
847: 1103 
848: 1103 2322 2950 
849: 1113 1239 1240 
850: 1095 
851: 1113 
852: 1099 2263 2264 
853: 1099 2688 2993 
854: 1110 2265 
855: 1100 2071 2072 2073 2074 
856: 1103 2584 2585 
857: 1103 2716 3306 
858: 1106 1228 
859: 1088 
860: 1112 2138 
861: 1093 2267 2268 2280 2281 
862: 1105 
863: 1104 2152 2153 2154 2155 
864: 1109 2169 
865: 1102 2904 
866: 1113 2220 2221 3271 
867: 1099 2315 2328 2329 
868: 1104 2156 
869: 1105 2182 2183 2184 
870: 1091 2883 
871: 1113 2276 
872: 1102 2769 
873: 1103 2532 3286 
874: 1108 2897 
875: 1106 3006 3054 3055 
876: 1104 2564 
877: 1108 
878: 1105 1312 
879: 1109 3133 
880: 1106 1302 
881: 1104 2279 
882: 1096 1471 1472 1473 1474 1475 
883: 1094 1975 
884: 1105 
885: 1102 2277 2278 
886: 1099 3239 3259 3287 3319 
887: 1100 2145 2146 
888: 1103 2966 
889: 1104 
890: 1104 1203 1204 1205 
891: 1107 2391 2396 
892: 1104 1427 2144 
893: 1099 2170 2171 
894: 1102 2247 2248 
895: 1106 2595 2596 
896: 1113 1246 2889 2890 2891 2892 2893 2894 2895 
897: 1108 
898: 1112 
899: 1104 2748 
900: 1113 2636 
901: 1109 2246 
902: 1096 2972 2973 3266 3358 
903: 1096 2673 2674 3280 3365 
904: 1096 2954 
905: 1096 2672 
906: 1104 2955 3360 
907: 1104 2179 
908: 1106 1251 
909: 1099 3135 3322 
910: 1100 1252 
911: 1089 
912: 1087 2630 
913: 1108 2720 2949 
914: 1112 2753 2754 2755 3191 3212 3214 
915: 1112 2578 2579 2580 2581 
916: 1093 2628 2629 
917: 1100 3119 3290 
918: 1104 3049 3050 3051 3052 3053 3241 3344 
919: 1113 2732 2733 
920: 1113 3246 
921: 1089 2737 2738 2739 
922: 1102 3140 3141 
923: 1090 2967 
924: 1102 2510 2516 2517 
925: 1096 2970 2971 3042 3234 3238 3251 
926: 1089 1519 1520 1521 
927: 1102 2640 
928: 1102 2686 2687 
929: 1089 2583 2740 2764 2960 
930: 1100 3091 3092 
931: 1112 1522 1523 3039 
932: 1112 3058 3273 3345 
933: 1112 1523 3088 
934: 1105 2787 3056 3057 
935: 1089 2702 2703 2704 
936: 1089 1494 1495 1496 1497 1498 
937: 1102 2918 2919 2920 
938: 1105 
939: 1098 2675 3221 
940: 1103 1131 1133 
941: 1089 1138 1139 
942: 1110 1148 1149 
943: 1110 1114 1621 
944: 1107 2850 3043 
945: 1110 3153 3154 
946: 1110 3126 3301 
947: 1113 2607 2608 3324 
948: 1098 2927 2936 2937 2938 
949: 1098 2537 2538 
950: 1104 3099 3100 
951: 1104 3007 3008 
952: 1102 2980 2981 
953: 1096 2990 2991 3294 3299 
954: 1102 
955: 1089 
956: 1113 2735 
957: 1112 2547 
958: 1102 3173 
959: 1093 2491 2492 2493 2494 
960: 1106 2653 
961: 1087 
962: 1093 1485 1486 1487 1488 
963: 1111 1295 1296 2677 2678 2679 2680 
964: 1104 2689 2690 2691 2765 2766 2767 3311 3363 
965: 1093 1464 
966: 1089 2852 2853 2854 2855 
967: 1090 2992 
968: 1089 2631 2632 2633 2634 2635 
969: 1089 
970: 1090 2582 2622 2847 2985 3001 3062 
971: 1096 3067 3068 3248 3268 
972: 1087 1610 1611 1612 1613 
973: 1087 
974: 1093 1528 
975: 1093 
976: 1093 
977: 1087 1575 1576 1597 1598 
978: 1087 
979: 1093 1347 
980: 1090 1840 1841 1842 1843 1870 1871 1873 
981: 1093 
982: 1091 1354 
983: 1112 1827 1828 
984: 1094 
985: 1094 1182 1183 1184 
986: 1091 1920 1921 1922 1923 
987: 1095 3083 3145 
988: 1094 1377 1378 1379 
989: 1100 2302 2303 2324 2325 
990: 1094 1866 1867 1868 1869 
991: 1112 1642 1643 1644 1645 1646 1647 1648 1649 1650 1651 1652 1653 1654 
992: 1093 2354 
993: 1106 2879 2880 
994: 1103 2923 
995: 1096 3129 3267 3373 
996: 1090 1359 1360 1361 1362 1363 
997: 1100 1364 1365 
998: 1106 
999: 1113 
1000: 1096 3174 3284 3315 
1001: 1090 1185 1188 2026 
1002: 1088 1366 1367 1368 1369 
1003: 1113 1930 
1004: 1112 1166 
1005: 1103 
1006: 1090 
1007: 1100 2132 
1008: 1107 
1009: 1103 
1010: 1092 2129 2130 2131 
1011: 1102 1164 3047 3048 
1012: 1109 3133 
1013: 1109 2169 3285 3336 3370 
1014: 1099 1306 1307 3274 3364 
1015: 1109 2759 
1016: 1113 2615 2616 
1017: 1113 1308 
1018: 1096 3131 3229 3329 3339 
1019: 1096 3226 3304 3327 3337 
1020: 1090 2983 3314 
1021: 1107 2391 2392 2393 2394 2395 
1022: 1088 1430 
1023: 1104 2930 
1024: 1107 1617 1658 1662 
1025: 1101 1991 1992 1993 1994 
1026: 1104 2692 2693 2694 
1027: 1107 2998 2999 
1028: 1090 1431 1432 
1029: 1090 1181 
1030: 1098 2676 
1031: 1108 3257 3258 3355 3369 
1032: 1112 1180 
1033: 1103 3218 
1034: 1099 2009 
1035: 1108 2561 2562 3347 3367 
1036: 1088 1323 1324 1325 
1037: 1092 1844 1865 
1038: 1104 1145 1146 1444 
1039: 1098 
1040: 1104 2087 2088 2133 2134 
1041: 1108 
1042: 1092 
1043: 1104 1346 
1044: 1104 2401 
1045: 1112 2163 
1046: 1112 3143 
1047: 1103 2227 2741 3343 
1048: 1099 1468 1469 
1049: 1099 2681 2682 2683 
1050: 1113 2706 
1051: 1090 1911 2586 2587 2728 
1052: 1104 2956 
1053: 1098 1261 1262 2830 2831 2832 2837 2838 2857 2858 2859 3162 
1054: 1096 2135 
1055: 1108 1162 1163 
1056: 1105 2022 2023 2024 2025 2082 2083 
1057: 1105 
1058: 1093 2139 
1059: 1113 1934 1935 1936 
1060: 1110 2511 2512 2513 2514 2515 3357 
1061: 1104 1346 
1062: 1104 2092 
1063: 1090 2089 2090 2091 2140 2141 2142 2143 
1064: 1112 
1065: 1093 2093 
1066: 1109 1461 
1067: 1090 2619 
1068: 1097 2259 3264 
1069: 1106 1462 
1070: 1109 2671 3242 
1071: 1096 1463 3240 3256 3321 
1072: 1101 3181 
1073: 1108 3136 3137 3138 3139 
1074: 1092 
1075: 1103 2591 2707 2708 
1076: 1102 2536 2592 3269 3296 3340 3361 
1077: 1102 1437 1438 3105 
1078: 1089 
1079: 1096 2726 2727 
1080: 1102 
1081: 1093 
1082: 1112 
1083: 1113 3260 
1084: 1102 2747 
1085: 1100 3109 
1086: 1109 
1087: 61 62 80 86 87 89 91 92 93 94 96 98 101 102 104 111 114 196 197 224 225 231 232 238 912 961 972 973 977 978 
1088: 141 147 356 396 424 434 450 479 522 524 551 566 663 671 707 708 859 1002 1022 1036 
1089: 3 36 64 99 100 106 118 126 135 145 151 153 161 162 165 168 189 278 280 291 300 301 306 313 332 342 433 509 529 537 550 573 587 588 591 652 653 659 701 911 921 926 929 935 936 941 955 966 968 969 1078 
1090: 77 90 108 121 142 143 175 248 250 252 253 255 257 258 265 267 272 285 296 297 309 319 323 354 361 366 371 372 373 378 379 384 385 386 391 393 410 414 428 438 439 440 441 442 445 448 459 474 480 501 504 506 507 519 543 544 547 563 581 597 611 617 618 619 628 632 636 637 638 660 661 686 715 720 731 768 792 801 805 819 923 967 970 980 996 1001 1006 1020 1028 1029 1051 1063 1067 
1091: 110 120 131 133 136 137 148 256 263 275 276 287 292 298 299 382 405 407 408 409 413 417 527 554 870 982 986 
1092: 105 109 140 144 146 149 156 180 185 186 202 233 266 273 295 308 324 427 446 486 492 672 814 1010 1037 1042 1074 
1093: 0 1 2 6 15 16 65 73 74 81 88 103 107 113 115 116 125 139 155 157 163 164 188 191 192 193 199 201 204 205 206 207 210 211 213 214 216 217 218 220 222 223 226 227 228 229 230 234 235 236 237 239 240 242 244 246 249 260 269 270 271 281 325 387 399 400 426 455 462 473 482 487 488 490 494 503 510 511 521 523 525 530 558 559 560 561 571 584 586 602 613 616 629 656 668 710 734 744 757 766 767 777 781 783 793 838 861 916 959 962 965 974 975 976 979 981 992 1058 1065 1081 
1094: 112 127 128 129 130 132 158 159 166 167 169 174 198 208 262 290 307 314 394 447 469 476 500 505 517 535 565 567 579 644 651 684 696 883 984 985 988 990 
1095: 97 241 282 294 305 317 320 345 596 829 850 987 
1096: 24 37 122 279 330 349 350 363 374 389 392 397 425 502 649 732 749 750 752 824 839 882 902 903 904 905 925 953 971 995 1000 1018 1019 1054 1071 1079 
1097: 184 368 449 457 534 536 541 572 695 756 787 811 825 826 1068 
1098: 5 7 25 26 32 52 53 70 76 85 154 171 286 326 339 383 604 657 662 690 784 939 948 949 1030 1039 1053 
1099: 17 40 243 251 268 316 328 329 335 360 367 375 380 388 421 422 444 451 454 464 497 499 512 513 538 539 555 556 564 625 634 658 711 713 738 739 741 742 743 795 804 820 834 835 852 853 867 886 893 909 1014 1034 1048 1049 
1100: 43 283 315 322 340 346 362 403 412 542 548 569 576 578 589 610 627 698 712 719 748 772 785 788 791 803 855 887 910 917 930 989 997 1007 1085 
1101: 176 181 183 187 259 261 277 293 381 398 419 432 466 468 470 493 533 580 605 606 765 778 1025 1072 
1102: 19 31 57 343 352 357 406 443 484 516 623 676 678 679 865 872 885 894 922 924 927 928 937 952 954 958 1011 1076 1077 1080 1084 
1103: 10 27 28 42 49 51 56 60 84 327 341 376 377 401 402 411 423 437 452 456 465 471 478 495 514 515 518 526 549 562 568 570 574 590 592 599 621 665 666 673 714 728 730 747 760 786 812 847 848 856 857 873 888 940 994 1005 1009 1033 1047 1075 
1104: 22 30 33 78 79 95 119 124 134 138 150 245 264 288 318 321 333 336 337 338 344 348 351 353 355 358 359 404 415 416 430 431 435 436 453 460 461 481 485 496 498 531 540 545 546 553 575 607 608 609 639 645 654 674 693 704 740 754 755 762 764 797 818 822 841 863 868 876 881 889 890 892 899 906 907 918 950 951 964 1023 1026 1038 1040 1043 1044 1052 1061 1062 
1105: 304 311 370 585 622 670 675 725 751 761 774 782 833 837 862 869 878 884 934 938 1056 1057 
1106: 152 179 182 247 369 395 483 508 577 583 595 598 600 601 612 615 630 646 650 681 682 683 692 700 709 735 745 753 770 796 799 800 802 808 809 813 815 816 828 830 836 843 846 858 875 880 895 908 960 993 998 1069 
1107: 4 20 38 39 75 347 364 703 831 842 844 845 891 944 1008 1021 1024 1027 
1108: 420 467 532 624 626 640 641 642 643 763 779 789 823 827 874 877 897 913 1031 1035 1041 1055 1073 
1109: 477 489 594 648 664 669 677 691 702 729 736 737 746 759 769 773 775 790 810 840 864 879 901 1012 1013 1015 1066 1070 1086 
1110: 8 9 11 12 13 14 21 23 29 34 35 41 44 45 46 47 48 50 54 55 58 59 63 66 68 69 71 72 82 83 334 635 716 717 718 722 723 724 771 776 798 806 807 821 854 942 943 945 946 1060 
1111: 18 67 160 170 172 173 177 178 190 194 195 200 203 209 212 215 219 221 254 284 289 303 963 
1112: 117 123 274 302 310 312 331 390 418 458 463 472 528 614 688 689 697 727 817 860 898 914 915 931 932 933 957 983 991 1004 1032 1045 1046 1064 1082 
1113: 365 429 475 491 520 552 557 582 593 603 620 631 633 647 655 667 680 685 687 694 699 705 706 721 726 733 758 780 794 832 849 851 866 871 896 900 919 920 947 956 999 1003 1016 1017 1050 1059 1083 
1114: 943 
1115: 11 29 
1116: 29 55 
1117: 11 55 
1118: 227 
1119: 247 
1120: 247 
1121: 23 
1122: 20 
1123: 20 
1124: 21 82 
1125: 83 
1126: 83 
1127: 12 
1128: 12 13 
1129: 12 13 
1130: 12 
1131: 10 27 28 84 940 
1132: 82 
1133: 10 27 28 84 940 
1134: 191 
1135: 191 
1136: 54 
1137: 54 
1138: 3 941 
1139: 3 941 
1140: 424 
1141: 424 
1142: 406 
1143: 533 
1144: 531 
1145: 531 1038 
1146: 531 1038 
1147: 8 
1148: 8 942 
1149: 942 
1150: 416 
1151: 416 
1152: 658 
1153: 658 
1154: 658 
1155: 658 
1156: 563 
1157: 658 
1158: 406 
1159: 399 
1160: 356 
1161: 356 671 
1162: 1055 
1163: 1055 
1164: 1011 
1165: 661 
1166: 418 1004 
1167: 113 
1168: 113 
1169: 113 
1170: 113 
1171: 670 
1172: 670 
1173: 670 
1174: 670 
1175: 782 
1176: 484 
1177: 275 276 527 
1178: 276 527 
1179: 527 
1180: 1032 
1181: 372 501 1029 
1182: 985 
1183: 985 
1184: 985 
1185: 108 442 1001 
1186: 442 
1187: 442 
1188: 108 442 1001 
1189: 279 
1190: 279 
1191: 279 
1192: 543 
1193: 543 
1194: 543 
1195: 543 
1196: 374 
1197: 374 
1198: 374 
1199: 374 
1200: 743 
1201: 251 835 
1202: 287 
1203: 890 
1204: 890 
1205: 890 
1206: 682 
1207: 682 
1208: 297 
1209: 297 
1210: 527 
1211: 56 
1212: 56 
1213: 21 
1214: 693 
1215: 693 
1216: 693 
1217: 795 
1218: 795 
1219: 716 821 
1220: 166 
1221: 166 
1222: 166 
1223: 166 
1224: 166 
1225: 166 
1226: 166 
1227: 166 
1228: 858 
1229: 566 
1230: 291 
1231: 291 
1232: 291 
1233: 542 
1234: 111 
1235: 111 
1236: 111 
1237: 111 
1238: 787 
1239: 849 
1240: 849 
1241: 104 
1242: 104 
1243: 104 
1244: 104 
1245: 583 
1246: 896 
1247: 125 
1248: 125 
1249: 125 
1250: 125 
1251: 908 
1252: 910 
1253: 462 
1254: 376 
1255: 376 
1256: 9 
1257: 9 
1258: 14 
1259: 14 
1260: 85 
1261: 5 26 85 1053 
1262: 5 26 1053 
1263: 189 
1264: 189 
1265: 189 
1266: 189 
1267: 15 
1268: 15 
1269: 15 
1270: 15 
1271: 15 757 
1272: 216 
1273: 216 
1274: 216 
1275: 216 
1276: 212 
1277: 212 
1278: 212 
1279: 212 
1280: 212 
1281: 212 
1282: 212 
1283: 212 
1284: 212 
1285: 212 
1286: 238 
1287: 238 
1288: 238 
1289: 238 
1290: 201 
1291: 195 
1292: 195 
1293: 195 
1294: 195 
1295: 963 
1296: 963 
1297: 673 
1298: 726 
1299: 726 
1300: 726 
1301: 726 
1302: 880 
1303: 675 
1304: 675 
1305: 675 
1306: 1014 
1307: 1014 
1308: 633 1017 
1309: 654 
1310: 654 
1311: 654 
1312: 878 
1313: 825 
1314: 407 
1315: 407 
1316: 407 
1317: 375 
1318: 395 
1319: 164 
1320: 164 
1321: 164 
1322: 164 
1323: 1036 
1324: 1036 
1325: 1036 
1326: 268 
1327: 567 
1328: 567 
1329: 567 
1330: 567 
1331: 567 
1332: 127 
1333: 127 
1334: 127 
1335: 127 
1336: 127 
1337: 127 
1338: 429 
1339: 149 
1340: 149 
1341: 149 
1342: 278 
1343: 261 
1344: 261 
1345: 293 
1346: 1043 1061 
1347: 979 
1348: 536 
1349: 536 
1350: 536 
1351: 536 
1352: 536 
1353: 536 
1354: 982 
1355: 513 
1356: 513 
1357: 513 
1358: 526 
1359: 996 
1360: 996 
1361: 996 
1362: 996 
1363: 996 
1364: 997 
1365: 997 
1366: 663 1002 
1367: 663 1002 
1368: 1002 
1369: 663 1002 
1370: 412 
1371: 624 
1372: 624 
1373: 485 
1374: 485 
1375: 485 
1376: 485 
1377: 988 
1378: 988 
1379: 988 
1380: 503 586 
1381: 503 
1382: 154 286 
1383: 154 286 
1384: 154 286 
1385: 154 286 
1386: 154 286 
1387: 154 286 
1388: 154 286 
1389: 154 286 
1390: 154 286 
1391: 154 
1392: 154 286 
1393: 371 
1394: 393 
1395: 393 
1396: 393 
1397: 393 
1398: 521 
1399: 521 
1400: 521 
1401: 521 
1402: 296 
1403: 296 
1404: 534 
1405: 534 
1406: 534 
1407: 534 
1408: 534 
1409: 534 
1410: 534 
1411: 534 
1412: 534 
1413: 534 
1414: 534 
1415: 534 
1416: 534 
1417: 534 
1418: 534 
1419: 534 
1420: 534 
1421: 534 
1422: 534 
1423: 534 
1424: 591 
1425: 640 
1426: 769 
1427: 762 892 
1428: 154 286 
1429: 154 286 
1430: 671 1022 
1431: 1028 
1432: 1028 
1433: 764 
1434: 764 
1435: 764 
1436: 37 
1437: 679 1077 
1438: 679 1077 
1439: 185 
1440: 185 
1441: 185 
1442: 185 
1443: 185 
1444: 1038 
1445: 837 
1446: 837 
1447: 639 
1448: 469 
1449: 469 
1450: 469 
1451: 469 
1452: 463 
1453: 463 
1454: 193 
1455: 193 
1456: 193 
1457: 591 
1458: 591 
1459: 591 
1460: 591 
1461: 1066 
1462: 1069 
1463: 1071 
1464: 965 
1465: 675 
1466: 193 
1467: 193 
1468: 804 1048 
1469: 804 1048 
1470: 804 
1471: 882 
1472: 882 
1473: 882 
1474: 882 
1475: 882 
1476: 30 
1477: 30 
1478: 30 
1479: 30 
1480: 362 
1481: 100 
1482: 100 
1483: 100 
1484: 100 
1485: 962 
1486: 962 
1487: 962 
1488: 962 
1489: 86 94 
1490: 86 
1491: 86 
1492: 86 
1493: 86 
1494: 936 
1495: 936 
1496: 936 
1497: 936 
1498: 936 
1499: 300 
1500: 300 
1501: 300 
1502: 300 
1503: 300 
1504: 300 
1505: 300 
1506: 300 
1507: 300 
1508: 300 
1509: 300 
1510: 300 
1511: 300 
1512: 300 
1513: 300 
1514: 300 
1515: 300 
1516: 300 
1517: 300 
1518: 300 
1519: 926 
1520: 926 
1521: 926 
1522: 931 
1523: 931 933 
1524: 231 
1525: 231 
1526: 231 
1527: 231 
1528: 974 
1529: 203 
1530: 203 
1531: 203 
1532: 203 
1533: 203 
1534: 203 
1535: 203 
1536: 203 
1537: 203 
1538: 203 
1539: 74 
1540: 73 
1541: 88 
1542: 88 
1543: 286 
1544: 178 
1545: 178 
1546: 209 
1547: 209 
1548: 209 
1549: 194 
1550: 194 
1551: 194 
1552: 194 
1553: 209 
1554: 209 
1555: 207 
1556: 207 
1557: 215 
1558: 215 
1559: 215 
1560: 215 
1561: 215 
1562: 215 
1563: 215 
1564: 215 
1565: 215 
1566: 215 
1567: 234 
1568: 234 
1569: 234 
1570: 234 
1571: 205 
1572: 205 
1573: 205 
1574: 205 
1575: 977 
1576: 977 
1577: 214 
1578: 214 
1579: 214 
1580: 214 
1581: 214 
1582: 214 
1583: 219 
1584: 219 
1585: 219 
1586: 219 
1587: 219 
1588: 219 
1589: 219 
1590: 219 
1591: 219 
1592: 219 
1593: 222 
1594: 222 
1595: 222 
1596: 222 
1597: 977 
1598: 977 
1599: 218 
1600: 218 
1601: 218 
1602: 218 
1603: 228 
1604: 228 
1605: 228 
1606: 228 
1607: 226 
1608: 230 
1609: 229 
1610: 972 
1611: 972 
1612: 972 
1613: 972 
1614: 1 
1615: 16 
1616: 16 
1617: 1024 
1618: 25 286 
1619: 25 286 
1620: 0 
1621: 943 
1622: 304 
1623: 304 
1624: 304 
1625: 304 
1626: 304 
1627: 304 
1628: 304 
1629: 304 
1630: 304 
1631: 304 
1632: 304 
1633: 304 
1634: 304 
1635: 304 
1636: 304 
1637: 304 
1638: 304 
1639: 304 
1640: 304 
1641: 304 
1642: 991 
1643: 991 
1644: 991 
1645: 991 
1646: 991 
1647: 991 
1648: 991 
1649: 991 
1650: 991 
1651: 991 
1652: 991 
1653: 991 
1654: 991 
1655: 826 
1656: 826 
1657: 350 
1658: 1024 
1659: 33 
1660: 33 
1661: 33 
1662: 1024 
1663: 95 
1664: 95 
1665: 95 
1666: 95 
1667: 95 
1668: 96 
1669: 96 
1670: 96 
1671: 96 
1672: 93 
1673: 80 
1674: 80 
1675: 80 
1676: 87 
1677: 87 
1678: 87 
1679: 102 
1680: 102 
1681: 102 
1682: 103 
1683: 103 
1684: 103 
1685: 103 
1686: 87 
1687: 87 
1688: 87 
1689: 80 
1690: 80 
1691: 80 
1692: 80 
1693: 80 
1694: 80 
1695: 80 
1696: 106 
1697: 106 
1698: 92 
1699: 92 
1700: 106 
1701: 106 
1702: 106 
1703: 106 
1704: 92 
1705: 92 
1706: 124 
1707: 124 
1708: 124 
1709: 108 
1710: 108 
1711: 108 
1712: 108 
1713: 97 
1714: 97 
1715: 97 
1716: 97 
1717: 124 
1718: 90 
1719: 90 
1720: 90 
1721: 90 
1722: 90 
1723: 90 
1724: 90 
1725: 99 
1726: 99 
1727: 99 
1728: 99 
1729: 175 
1730: 159 198 447 
1731: 159 
1732: 159 
1733: 159 
1734: 159 
1735: 159 167 198 447 
1736: 159 167 198 447 
1737: 134 
1738: 134 
1739: 134 
1740: 134 
1741: 134 
1742: 134 
1743: 134 
1744: 134 
1745: 115 
1746: 115 
1747: 115 
1748: 115 
1749: 145 
1750: 145 162 
1751: 145 162 
1752: 145 
1753: 145 
1754: 142 
1755: 142 
1756: 142 
1757: 142 
1758: 142 
1759: 142 
1760: 142 
1761: 142 
1762: 142 
1763: 142 
1764: 142 
1765: 142 
1766: 142 
1767: 142 
1768: 142 
1769: 142 
1770: 142 
1771: 142 
1772: 142 
1773: 158 644 
1774: 158 644 
1775: 158 644 
1776: 168 
1777: 168 
1778: 168 
1779: 168 
1780: 168 
1781: 168 
1782: 135 
1783: 132 
1784: 132 
1785: 132 
1786: 132 
1787: 132 
1788: 132 
1789: 132 
1790: 132 
1791: 165 
1792: 165 
1793: 181 183 187 
1794: 142 
1795: 142 
1796: 142 
1797: 142 
1798: 142 
1799: 142 
1800: 142 
1801: 142 
1802: 142 
1803: 142 
1804: 142 
1805: 142 
1806: 142 
1807: 142 
1808: 151 
1809: 184 
1810: 184 
1811: 184 
1812: 184 
1813: 184 
1814: 165 
1815: 165 
1816: 132 
1817: 132 
1818: 153 
1819: 153 
1820: 153 
1821: 153 
1822: 167 
1823: 167 
1824: 167 
1825: 167 
1826: 241 282 294 
1827: 983 
1828: 983 
1829: 176 
1830: 156 
1831: 156 
1832: 156 
1833: 156 
1834: 248 
1835: 248 
1836: 248 
1837: 248 
1838: 422 
1839: 422 
1840: 980 
1841: 980 
1842: 980 
1843: 980 
1844: 427 1037 
1845: 260 
1846: 280 
1847: 280 
1848: 280 
1849: 280 
1850: 414 
1851: 414 
1852: 414 
1853: 414 
1854: 285 
1855: 198 
1856: 198 
1857: 198 
1858: 198 
1859: 198 
1860: 198 
1861: 198 
1862: 198 
1863: 198 
1864: 198 
1865: 1037 
1866: 990 
1867: 990 
1868: 990 
1869: 990 
1870: 980 
1871: 980 
1872: 499 
1873: 980 
1874: 260 
1875: 260 
1876: 260 
1877: 387 
1878: 387 426 629 
1879: 387 
1880: 387 
1881: 387 
1882: 438 
1883: 377 465 549 
1884: 400 
1885: 400 
1886: 400 
1887: 400 
1888: 174 
1889: 174 
1890: 496 
1891: 496 
1892: 267 
1893: 267 
1894: 267 
1895: 551 
1896: 551 
1897: 551 
1898: 551 
1899: 637 
1900: 505 
1901: 505 
1902: 505 
1903: 505 
1904: 411 
1905: 401 495 574 
1906: 277 
1907: 188 488 
1908: 488 
1909: 188 488 
1910: 691 746 
1911: 1051 
1912: 694 
1913: 277 
1914: 277 
1915: 259 277 
1916: 295 
1917: 295 
1918: 295 
1919: 263 
1920: 986 
1921: 986 
1922: 986 
1923: 986 
1924: 483 
1925: 483 
1926: 483 
1927: 266 
1928: 266 
1929: 266 
1930: 1003 
1931: 423 
1932: 423 
1933: 539 
1934: 1059 
1935: 1059 
1936: 1059 
1937: 256 
1938: 256 
1939: 258 
1940: 288 
1941: 288 
1942: 288 
1943: 269 
1944: 663 
1945: 797 
1946: 797 
1947: 283 
1948: 283 
1949: 283 
1950: 390 
1951: 390 
1952: 390 
1953: 390 
1954: 258 
1955: 258 
1956: 258 
1957: 258 
1958: 445 
1959: 236 240 
1960: 259 
1961: 259 
1962: 259 
1963: 443 
1964: 443 
1965: 443 
1966: 443 
1967: 443 
1968: 443 
1969: 443 
1970: 443 
1971: 443 
1972: 443 
1973: 456 
1974: 437 456 
1975: 535 684 696 883 
1976: 680 
1977: 388 
1978: 389 
1979: 389 
1980: 389 
1981: 389 
1982: 408 
1983: 408 
1984: 408 
1985: 408 
1986: 511 
1987: 511 
1988: 511 
1989: 511 
1990: 537 
1991: 1025 
1992: 1025 
1993: 1025 
1994: 1025 
1995: 319 
1996: 319 
1997: 240 
1998: 240 
1999: 240 
2000: 240 
2001: 273 
2002: 381 466 
2003: 381 466 
2004: 426 
2005: 426 
2006: 426 
2007: 426 
2008: 236 
2009: 1034 
2010: 319 
2011: 319 
2012: 538 
2013: 478 590 
2014: 273 
2015: 514 515 
2016: 514 515 
2017: 514 515 
2018: 514 515 
2019: 514 515 
2020: 576 578 
2021: 625 
2022: 1056 
2023: 1056 
2024: 1056 
2025: 1056 
2026: 1001 
2027: 272 
2028: 272 
2029: 272 
2030: 272 
2031: 597 
2032: 597 
2033: 562 
2034: 562 
2035: 454 
2036: 454 
2037: 454 
2038: 827 
2039: 579 
2040: 579 
2041: 579 
2042: 323 
2043: 595 
2044: 595 
2045: 595 
2046: 598 
2047: 598 
2048: 598 
2049: 598 
2050: 642 
2051: 642 
2052: 705 
2053: 700 
2054: 430 
2055: 430 
2056: 477 489 
2057: 781 
2058: 781 
2059: 781 
2060: 781 
2061: 685 
2062: 594 
2063: 594 
2064: 594 
2065: 419 
2066: 482 
2067: 482 
2068: 482 
2069: 482 
2070: 519 
2071: 569 803 855 
2072: 855 
2073: 855 
2074: 803 855 
2075: 396 671 
2076: 629 
2077: 236 
2078: 236 
2079: 236 
2080: 471 
2081: 452 
2082: 1056 
2083: 761 1056 
2084: 629 
2085: 448 459 
2086: 448 459 
2087: 1040 
2088: 1040 
2089: 1063 
2090: 1063 
2091: 1063 
2092: 1062 
2093: 1065 
2094: 427 
2095: 421 
2096: 450 
2097: 450 
2098: 450 
2099: 450 
2100: 450 
2101: 450 
2102: 450 
2103: 450 
2104: 383 
2105: 383 
2106: 368 
2107: 706 
2108: 791 
2109: 767 
2110: 767 
2111: 767 
2112: 767 
2113: 767 
2114: 415 
2115: 415 
2116: 415 
2117: 518 
2118: 452 
2119: 452 
2120: 405 409 417 
2121: 405 409 417 
2122: 405 409 417 
2123: 681 
2124: 530 
2125: 629 
2126: 629 
2127: 700 
2128: 700 
2129: 1010 
2130: 1010 
2131: 1010 
2132: 1007 
2133: 1040 
2134: 1040 
2135: 1054 
2136: 464 
2137: 529 
2138: 689 860 
2139: 487 783 1058 
2140: 1063 
2141: 1063 
2142: 1063 
2143: 1063 
2144: 892 
2145: 887 
2146: 887 
2147: 827 
2148: 827 
2149: 827 
2150: 827 
2151: 827 
2152: 863 
2153: 863 
2154: 863 
2155: 863 
2156: 868 
2157: 613 
2158: 727 
2159: 540 
2160: 540 
2161: 540 
2162: 740 
2163: 1045 
2164: 585 
2165: 585 
2166: 585 
2167: 713 
2168: 713 
2169: 737 810 864 1013 
2170: 893 
2171: 893 
2172: 839 
2173: 839 
2174: 839 
2175: 842 
2176: 842 
2177: 548 
2178: 800 
2179: 907 
2180: 774 
2181: 774 
2182: 869 
2183: 869 
2184: 869 
2185: 589 
2186: 604 784 
2187: 572 
2188: 617 
2189: 617 638 
2190: 617 638 
2191: 617 
2192: 618 
2193: 618 
2194: 618 
2195: 618 
2196: 618 
2197: 618 
2198: 618 
2199: 618 
2200: 618 
2201: 618 
2202: 618 
2203: 618 
2204: 618 
2205: 638 
2206: 638 
2207: 638 
2208: 638 
2209: 638 
2210: 638 
2211: 692 
2212: 692 
2213: 692 
2214: 692 
2215: 572 
2216: 572 
2217: 572 
2218: 697 
2219: 846 
2220: 866 
2221: 866 
2222: 721 
2223: 820 
2224: 748 
2225: 748 
2226: 745 
2227: 1047 
2228: 621 
2229: 671 
2230: 669 
2231: 718 724 
2232: 725 
2233: 725 
2234: 725 
2235: 738 
2236: 380 738 
2237: 738 
2238: 738 
2239: 738 
2240: 738 
2241: 738 
2242: 739 
2243: 739 
2244: 765 
2245: 116 
2246: 901 
2247: 894 
2248: 894 
2249: 774 
2250: 774 
2251: 774 
2252: 703 
2253: 792 
2254: 792 
2255: 811 
2256: 811 
2257: 843 
2258: 116 
2259: 1068 
2260: 686 
2261: 686 
2262: 761 
2263: 852 
2264: 852 
2265: 854 
2266: 569 
2267: 861 
2268: 861 
2269: 460 
2270: 516 
2271: 516 
2272: 832 
2273: 832 
2274: 836 
2275: 836 
2276: 871 
2277: 885 
2278: 885 
2279: 881 
2280: 861 
2281: 861 
2282: 292 
2283: 292 
2284: 292 
2285: 139 
2286: 139 
2287: 139 
2288: 139 
2289: 281 
2290: 281 
2291: 281 
2292: 281 
2293: 161 
2294: 161 
2295: 129 
2296: 699 
2297: 157 
2298: 162 
2299: 162 
2300: 162 
2301: 162 
2302: 989 
2303: 989 
2304: 812 
2305: 161 
2306: 286 
2307: 436 
2308: 436 
2309: 645 
2310: 709 
2311: 660 
2312: 660 
2313: 660 
2314: 660 
2315: 867 
2316: 451 
2317: 451 
2318: 369 
2319: 340 
2320: 299 
2321: 309 
2322: 848 
2323: 588 
2324: 989 
2325: 989 
2326: 751 
2327: 309 
2328: 867 
2329: 867 
2330: 528 
2331: 262 
2332: 262 
2333: 262 
2334: 262 
2335: 262 
2336: 262 
2337: 506 
2338: 394 
2339: 512 
2340: 264 
2341: 264 
2342: 264 
2343: 264 
2344: 264 
2345: 264 
2346: 264 
2347: 506 
2348: 506 
2349: 556 
2350: 500 
2351: 500 
2352: 500 
2353: 500 
2354: 992 
2355: 275 
2356: 245 
2357: 265 
2358: 265 
2359: 265 
2360: 265 
2361: 94 
2362: 94 
2363: 94 
2364: 94 
2365: 370 
2366: 370 
2367: 370 
2368: 370 
2369: 370 
2370: 428 
2371: 428 
2372: 366 547 
2373: 366 
2374: 476 
2375: 476 
2376: 476 
2377: 476 
2378: 476 
2379: 476 
2380: 476 
2381: 366 
2382: 838 
2383: 204 
2384: 204 
2385: 204 
2386: 204 
2387: 225 
2388: 225 
2389: 225 
2390: 225 
2391: 891 1021 
2392: 1021 
2393: 1021 
2394: 1021 
2395: 1021 
2396: 891 
2397: 177 
2398: 177 
2399: 163 
2400: 163 
2401: 1044 
2402: 845 
2403: 573 
2404: 573 
2405: 573 
2406: 573 
2407: 667 
2408: 65 
2409: 478 
2410: 478 
2411: 478 
2412: 380 
2413: 380 
2414: 380 
2415: 233 
2416: 233 
2417: 233 
2418: 547 
2419: 493 
2420: 493 
2421: 547 
2422: 233 
2423: 402 
2424: 380 
2425: 433 
2426: 433 
2427: 434 
2428: 434 
2429: 434 
2430: 434 
2431: 434 
2432: 434 
2433: 434 
2434: 489 
2435: 489 
2436: 647 
2437: 565 
2438: 565 
2439: 759 
2440: 180 
2441: 180 
2442: 180 
2443: 180 
2444: 492 
2445: 492 
2446: 498 
2447: 498 
2448: 634 
2449: 479 
2450: 479 
2451: 490 510 
2452: 510 
2453: 490 
2454: 188 
2455: 188 
2456: 575 
2457: 449 
2458: 449 
2459: 449 
2460: 449 
2461: 449 
2462: 386 
2463: 386 
2464: 386 
2465: 386 
2466: 757 
2467: 757 
2468: 757 
2469: 757 
2470: 367 
2471: 367 
2472: 449 
2473: 449 
2474: 180 
2475: 180 
2476: 112 
2477: 146 
2478: 146 
2479: 146 
2480: 146 
2481: 830 
2482: 143 
2483: 143 
2484: 143 
2485: 143 
2486: 122 
2487: 141 
2488: 141 
2489: 141 
2490: 141 
2491: 959 
2492: 959 
2493: 959 
2494: 959 
2495: 508 
2496: 121 
2497: 121 
2498: 121 
2499: 121 
2500: 121 
2501: 121 
2502: 91 
2503: 91 
2504: 91 
2505: 91 
2506: 98 
2507: 98 
2508: 98 
2509: 98 
2510: 924 
2511: 1060 
2512: 1060 
2513: 1060 
2514: 1060 
2515: 1060 
2516: 924 
2517: 924 
2518: 834 
2519: 834 
2520: 828 
2521: 101 
2522: 101 
2523: 101 
2524: 101 
2525: 23 
2526: 254 
2527: 286 
2528: 286 
2529: 286 
2530: 286 
2531: 286 
2532: 873 
2533: 286 
2534: 286 
2535: 286 
2536: 1076 
2537: 7 949 
2538: 7 949 
2539: 4 
2540: 4 
2541: 286 
2542: 70 
2543: 486 
2544: 286 
2545: 343 
2546: 286 
2547: 957 
2548: 254 
2549: 234 
2550: 607 
2551: 306 
2552: 306 
2553: 306 
2554: 138 
2555: 138 
2556: 138 
2557: 226 227 229 230 
2558: 1 
2559: 704 
2560: 326 
2561: 1035 
2562: 1035 
2563: 243 
2564: 876 
2565: 326 
2566: 326 
2567: 74 
2568: 52 53 
2569: 32 76 
2570: 119 
2571: 119 
2572: 119 
2573: 119 
2574: 354 
2575: 354 
2576: 763 
2577: 763 
2578: 915 
2579: 915 
2580: 915 
2581: 915 
2582: 970 
2583: 929 
2584: 856 
2585: 856 
2586: 1051 
2587: 1051 
2588: 179 
2589: 179 
2590: 344 
2591: 1075 
2592: 352 1076 
2593: 581 
2594: 581 
2595: 895 
2596: 895 
2597: 77 
2598: 77 
2599: 77 
2600: 77 
2601: 36 64 
2602: 36 64 
2603: 36 64 
2604: 36 64 
2605: 348 
2606: 662 
2607: 947 
2608: 947 
2609: 844 
2610: 480 
2611: 690 
2612: 690 
2613: 420 
2614: 420 
2615: 1016 
2616: 1016 
2617: 209 
2618: 194 
2619: 1067 
2620: 831 
2621: 831 
2622: 970 
2623: 61 
2624: 61 
2625: 61 
2626: 61 
2627: 62 
2628: 916 
2629: 916 
2630: 912 
2631: 968 
2632: 968 
2633: 968 
2634: 968 
2635: 968 
2636: 900 
2637: 331 
2638: 331 
2639: 31 
2640: 927 
2641: 333 
2642: 728 
2643: 622 
2644: 622 
2645: 312 
2646: 62 
2647: 73 
2648: 70 
2649: 312 
2650: 711 
2651: 711 
2652: 711 
2653: 960 
2654: 358 
2655: 358 
2656: 358 
2657: 358 
2658: 358 
2659: 330 
2660: 306 
2661: 306 
2662: 306 
2663: 446 
2664: 321 
2665: 321 
2666: 342 
2667: 640 
2668: 640 
2669: 302 310 
2670: 665 
2671: 1070 
2672: 905 
2673: 903 
2674: 903 
2675: 939 
2676: 1030 
2677: 963 
2678: 963 
2679: 963 
2680: 963 
2681: 1049 
2682: 1049 
2683: 1049 
2684: 583 
2685: 353 
2686: 928 
2687: 928 
2688: 853 
2689: 964 
2690: 964 
2691: 964 
2692: 1026 
2693: 1026 
2694: 1026 
2695: 70 
2696: 587 
2697: 546 
2698: 553 
2699: 609 
2700: 693 
2701: 693 
2702: 935 
2703: 935 
2704: 935 
2705: 758 
2706: 1050 
2707: 1075 
2708: 1075 
2709: 467 
2710: 467 
2711: 467 
2712: 467 
2713: 467 
2714: 271 
2715: 271 
2716: 857 
2717: 289 
2718: 150 
2719: 150 
2720: 913 
2721: 461 
2722: 545 
2723: 823 
2724: 614 
2725: 614 
2726: 1079 
2727: 1079 
2728: 1051 
2729: 359 608 
2730: 359 608 
2731: 359 608 
2732: 919 
2733: 919 
2734: 308 
2735: 956 
2736: 695 
2737: 921 
2738: 921 
2739: 921 
2740: 929 
2741: 1047 
2742: 532 
2743: 457 
2744: 457 
2745: 533 
2746: 365 
2747: 1084 
2748: 899 
2749: 425 
2750: 425 
2751: 425 
2752: 425 
2753: 914 
2754: 914 
2755: 914 
2756: 289 
2757: 247 
2758: 247 
2759: 1015 
2760: 311 
2761: 355 
2762: 355 
2763: 355 
2764: 929 
2765: 964 
2766: 964 
2767: 964 
2768: 520 
2769: 872 
2770: 341 
2771: 341 
2772: 314 
2773: 314 
2774: 314 
2775: 314 
2776: 300 
2777: 300 
2778: 300 
2779: 300 
2780: 300 
2781: 300 
2782: 300 
2783: 124 
2784: 335 
2785: 335 
2786: 305 
2787: 934 
2788: 284 
2789: 322 
2790: 329 
2791: 329 
2792: 557 
2793: 234 
2794: 234 
2795: 234 
2796: 234 
2797: 234 
2798: 234 
2799: 234 
2800: 234 
2801: 234 
2802: 234 
2803: 234 
2804: 234 
2805: 234 
2806: 234 
2807: 234 
2808: 234 
2809: 234 
2810: 234 
2811: 234 
2812: 234 
2813: 234 
2814: 234 
2815: 234 
2816: 234 
2817: 234 
2818: 234 
2819: 234 
2820: 234 
2821: 234 
2822: 234 
2823: 234 
2824: 234 
2825: 234 
2826: 234 
2827: 234 
2828: 234 
2829: 234 
2830: 326 1053 
2831: 326 1053 
2832: 326 1053 
2833: 326 
2834: 326 
2835: 326 
2836: 326 
2837: 326 1053 
2838: 326 1053 
2839: 326 
2840: 326 
2841: 326 
2842: 326 
2843: 326 
2844: 326 
2845: 234 
2846: 410 
2847: 970 
2848: 329 
2849: 329 
2850: 944 
2851: 75 
2852: 966 
2853: 966 
2854: 966 
2855: 966 
2856: 326 
2857: 1053 
2858: 1053 
2859: 1053 
2860: 347 
2861: 347 
2862: 347 
2863: 347 
2864: 347 
2865: 347 
2866: 316 
2867: 316 
2868: 353 
2869: 593 
2870: 593 
2871: 802 
2872: 802 
2873: 620 
2874: 620 
2875: 620 
2876: 284 
2877: 284 
2878: 284 
2879: 993 
2880: 993 
2881: 303 
2882: 303 
2883: 870 
2884: 320 
2885: 620 
2886: 620 
2887: 385 
2888: 480 
2889: 896 
2890: 896 
2891: 896 
2892: 896 
2893: 896 
2894: 896 
2895: 896 
2896: 19 
2897: 874 
2898: 302 310 
2899: 302 
2900: 302 
2901: 330 
2902: 43 
2903: 480 
2904: 865 
2905: 303 
2906: 336 
2907: 301 
2908: 301 
2909: 301 
2910: 301 
2911: 301 
2912: 301 
2913: 301 
2914: 364 
2915: 364 
2916: 729 
2917: 75 
2918: 937 
2919: 937 
2920: 937 
2921: 62 
2922: 62 
2923: 994 
2924: 351 
2925: 351 
2926: 351 
2927: 948 
2928: 351 
2929: 351 
2930: 1023 
2931: 404 
2932: 404 
2933: 330 
2934: 826 
2935: 826 
2936: 948 
2937: 948 
2938: 948 
2939: 750 
2940: 750 
2941: 678 
2942: 304 
2943: 304 
2944: 304 
2945: 304 
2946: 304 
2947: 304 
2948: 304 
2949: 913 
2950: 848 
2951: 665 
2952: 504 
2953: 504 
2954: 904 
2955: 906 
2956: 337 338 1052 
2957: 327 
2958: 360 
2959: 441 
2960: 929 
2961: 391 
2962: 391 
2963: 391 
2964: 391 
2965: 391 
2966: 888 
2967: 923 
2968: 70 
2969: 327 
2970: 925 
2971: 925 
2972: 902 
2973: 902 
2974: 841 
2975: 328 
2976: 328 
2977: 328 
2978: 332 
2979: 332 
2980: 952 
2981: 952 
2982: 328 
2983: 361 1020 
2984: 384 
2985: 970 
2986: 730 
2987: 583 
2988: 755 
2989: 238 
2990: 953 
2991: 953 
2992: 967 
2993: 853 
2994: 305 
2995: 305 
2996: 778 
2997: 623 
2998: 1027 
2999: 1027 
3000: 17 
3001: 970 
3002: 665 
3003: 152 
3004: 209 
3005: 194 
3006: 875 
3007: 951 
3008: 951 
3009: 824 
3010: 824 
3011: 824 
3012: 824 
3013: 824 
3014: 824 
3015: 79 
3016: 79 
3017: 78 
3018: 78 
3019: 426 
3020: 327 
3021: 324 
3022: 324 
3023: 730 
3024: 152 
3025: 353 
3026: 318 
3027: 318 
3028: 318 
3029: 318 
3030: 318 
3031: 339 
3032: 339 
3033: 38 
3034: 435 
3035: 352 
3036: 238 
3037: 833 
3038: 833 
3039: 931 
3040: 752 
3041: 752 
3042: 925 
3043: 944 
3044: 833 
3045: 126 
3046: 126 
3047: 1011 
3048: 1011 
3049: 918 
3050: 918 
3051: 918 
3052: 918 
3053: 918 
3054: 875 
3055: 875 
3056: 934 
3057: 934 
3058: 932 
3059: 397 
3060: 497 
3061: 497 
3062: 970 
3063: 674 
3064: 674 
3065: 523 
3066: 226 227 229 230 
3067: 971 
3068: 971 
3069: 40 
3070: 57 
3071: 57 
3072: 126 
3073: 126 
3074: 126 
3075: 126 
3076: 65 
3077: 81 
3078: 250 252 253 255 257 
3079: 691 746 
3080: 648 
3081: 665 
3082: 491 
3083: 0 1 2 16 987 
3084: 481 
3085: 540 
3086: 270 
3087: 0 
3088: 933 
3089: 385 
3090: 441 
3091: 930 
3092: 930 
3093: 22 
3094: 22 
3095: 745 
3096: 745 
3097: 385 
3098: 646 
3099: 950 
3100: 950 
3101: 822 
3102: 822 
3103: 378 379 
3104: 378 379 
3105: 679 1077 
3106: 666 
3107: 2 
3108: 234 
3109: 1085 
3110: 0 
3111: 220 767 
3112: 0 
3113: 304 311 313 
3114: 325 
3115: 325 
3116: 410 
3117: 325 
3118: 50 68 
3119: 917 
3120: 502 
3121: 182 
3122: 228 271 
3123: 6 
3124: 6 
3125: 69 
3126: 946 
3127: 40 
3128: 403 
3129: 995 
3130: 350 
3131: 1018 
3132: 392 
3133: 840 879 1012 
3134: 21 
3135: 909 
3136: 1073 
3137: 1073 
3138: 1073 
3139: 1073 
3140: 922 
3141: 922 
3142: 780 
3143: 1046 
3144: 302 310 
3145: 987 
3146: 317 345 
3147: 301 
3148: 49 51 
3149: 41 48 
3150: 41 48 
3151: 44 45 58 
3152: 44 45 58 
3153: 59 63 71 945 
3154: 59 63 71 945 
3155: 42 60 
3156: 34 46 
3157: 34 46 
3158: 35 72 
3159: 35 72 
3160: 47 66 
3161: 47 66 
3162: 52 53 1053 
3163: 300 
3164: 627 
3165: 781 
3166: 385 
3167: 385 
3168: 385 
3169: 304 
3170: 370 
3171: 558 
3172: 785 
3173: 958 
3174: 1000 
3175: 349 
3176: 81 
3177: 97 
3178: 344 
3179: 612 
3180: 815 
3181: 580 1072 
3182: 332 
3183: 39 
3184: 650 
3185: 650 
3186: 453 
3187: 796 
3188: 655 
3189: 214 
3190: 253 
3191: 914 
3192: 250 
3193: 220 
3194: 220 
3195: 220 
3196: 220 
3197: 767 
3198: 767 
3199: 767 
3200: 767 
3201: 24 
3202: 88 
3203: 118 
3204: 431 
3205: 330 
3206: 330 
3207: 321 
3208: 0 73 
3209: 346 
3210: 346 
3211: 346 
3212: 914 
3213: 577 
3214: 914 
3215: 315 
3216: 252 
3217: 664 
3218: 1033 
3219: 118 
3220: 118 
3221: 939 
3222: 334 
3223: 334 
3224: 334 
3225: 649 
3226: 1019 
3227: 363 
3228: 315 
3229: 1018 
3230: 532 
3231: 350 824 
3232: 435 
3233: 34 
3234: 925 
3235: 724 
3236: 441 
3237: 304 
3238: 925 
3239: 886 
3240: 1071 
3241: 918 
3242: 1070 
3243: 778 
3244: 502 
3245: 828 
3246: 920 
3247: 705 
3248: 971 
3249: 343 
3250: 750 
3251: 925 
3252: 632 
3253: 839 
3254: 317 
3255: 829 
3256: 1071 
3257: 1031 
3258: 1031 
3259: 886 
3260: 1083 
3261: 45 
3262: 410 792 
3263: 365 
3264: 1068 
3265: 814 
3266: 902 
3267: 995 
3268: 971 
3269: 352 1076 
3270: 250 
3271: 866 
3272: 253 
3273: 932 
3274: 1014 
3275: 350 824 
3276: 839 
3277: 719 
3278: 504 
3279: 349 
3280: 903 
3281: 385 
3282: 457 
3283: 504 
3284: 1000 
3285: 1013 
3286: 873 
3287: 886 
3288: 403 
3289: 441 
3290: 917 
3291: 48 
3292: 753 
3293: 392 
3294: 953 
3295: 350 824 
3296: 352 1076 
3297: 502 
3298: 350 824 
3299: 953 
3300: 745 
3301: 946 
3302: 66 
3303: 344 
3304: 1019 
3305: 302 310 
3306: 857 
3307: 363 
3308: 745 
3309: 69 
3310: 349 
3311: 964 
3312: 364 
3313: 697 
3314: 361 1020 
3315: 1000 
3316: 338 
3317: 837 
3318: 358 
3319: 886 
3320: 818 
3321: 392 1071 
3322: 909 
3323: 785 
3324: 947 
3325: 829 
3326: 41 
3327: 1019 
3328: 347 
3329: 1018 
3330: 750 
3331: 695 
3332: 420 
3333: 252 
3334: 392 
3335: 350 824 
3336: 1013 
3337: 1019 
3338: 72 
3339: 1018 
3340: 352 1076 
3341: 332 
3342: 659 
3343: 1047 
3344: 918 
3345: 932 
3346: 351 
3347: 1035 
3348: 420 
3349: 768 
3350: 350 824 
3351: 839 
3352: 821 
3353: 289 
3354: 457 
3355: 1031 
3356: 351 
3357: 1060 
3358: 902 
3359: 491 
3360: 906 
3361: 352 1076 
3362: 384 
3363: 964 
3364: 1014 
3365: 903 
3366: 35 
3367: 1035 
3368: 837 
3369: 1031 
3370: 1013 
3371: 46 
3372: 354 
3373: 995 
3374: 47 
3375: 3427 3428 
3376: 3428 
3377: 3428 
3378: 3427 
3379: 3427 
3380: 3427 
3381: 3427 
3382: 3427 
3383: 3427 
3384: 3427 
3385: 3427 
3386: 3427 
3387: 3427 
3388: 3427 
3389: 3427 
3390: 3427 
3391: 3427 
3392: 3428 
3393: 3427 
3394: 3428 
3395: 3427 
3396: 3427 
3397: 3428 
3398: 3427 
3399: 3428 
3400: 3427 
3401: 3427 
3402: 3428 
3403: 3427 
3404: 3427 
3405: 3427 
3406: 3428 
3407: 3428 
3408: 3427 
3409: 3427 
3410: 3428 
3411: 3428 
3412: 3427 
3413: 3427 
3414: 3427 
3415: 3428 
3416: 3427 
3417: 3427 
3418: 3427 
3419: 3428 
3420: 3428 
3421: 3428 
3422: 3427 
3423: 3427 
3424: 3427 
3425: 3427 
3426: 3427 
3427: 3375 3378 3379 3380 3381 3382 3383 3384 3385 3386 3387 3388 3389 3390 3391 3393 3395 3396 3398 3400 3401 3403 3404 3405 3408 3409 3412 3413 3414 3416 3417 3418 3422 3423 3424 3425 3426 
3428: 3375 3376 3377 3392 3394 3397 3399 3402 3406 3407 3410 3411 3415 3419 3420 3421 
