# Nodes: 339
0 284
0 286
0 285
0 93
0 287
1 131
1 125
1 129
1 93
1 126
1 128
1 130
1 127
2 122
2 100
2 123
2 124
2 93
2 97
2 121
3 273
3 274
3 276
3 93
3 271
3 275
3 272
4 160
4 139
4 143
4 134
4 145
4 161
4 136
4 165
4 142
4 140
4 150
4 93
4 163
4 164
4 158
4 144
4 152
4 146
4 159
4 157
4 133
4 137
4 156
4 151
4 154
4 148
4 155
4 147
4 153
4 138
4 149
4 135
4 162
4 141
5 267
5 269
5 93
5 268
5 270
6 93
6 132
7 168
7 93
7 169
7 167
7 166
8 93
8 312
8 328
8 323
9 93
9 312
9 324
9 335
10 93
10 312
10 329
10 322
11 93
11 312
12 93
12 312
13 191
13 93
13 188
13 192
13 190
13 189
14 253
14 254
14 93
14 255
14 252
15 183
15 185
15 93
15 184
16 201
16 200
16 93
16 202
16 199
17 93
17 178
18 117
18 93
18 118
19 106
19 93
19 105
20 93
20 247
20 248
21 195
21 197
21 93
21 196
21 194
22 205
22 93
23 93
23 338
23 278
23 277
24 93
24 306
24 334
25 93
25 258
25 259
25 260
26 112
26 93
27 96
27 93
28 93
29 93
29 317
29 316
30 93
30 317
30 316
31 337
31 93
31 307
32 321
32 331
32 313
32 93
32 294
32 315
32 320
32 319
33 264
33 266
33 265
33 93
33 263
34 301
34 304
34 303
34 93
34 300
34 302
35 114
35 116
35 93
35 113
35 115
36 318
36 93
36 292
36 327
37 176
37 175
37 93
37 174
37 177
38 93
38 257
38 256
39 182
39 93
40 93
41 93
42 299
42 93
42 333
42 314
42 325
43 99
43 100
43 98
43 93
43 97
44 93
44 193
45 208
45 93
45 207
46 208
46 93
46 207
47 93
48 296
48 93
48 288
48 295
49 96
49 93
50 332
50 298
50 297
50 330
50 93
51 93
51 249
51 250
51 251
52 93
53 93
53 206
54 102
54 101
54 93
54 103
54 104
55 93
56 261
56 262
56 93
56 258
57 93
57 94
58 282
58 93
58 283
59 93
59 203
59 204
60 93
61 219
61 218
61 217
61 93
61 216
62 221
62 222
62 223
62 228
62 224
62 230
62 232
62 220
62 226
62 93
62 231
62 227
62 225
62 229
63 93
64 93
65 93
65 326
66 93
67 93
67 186
68 235
68 234
68 218
68 236
68 217
68 93
68 237
68 238
68 233
69 243
69 93
69 246
69 244
69 245
70 93
70 95
71 93
71 241
71 242
72 93
73 93
74 93
75 93
75 336
76 240
76 93
76 327
76 239
77 93
78 93
79 93
80 305
80 93
81 93
81 309
82 293
82 311
82 279
82 93
82 290
82 308
82 310
83 180
83 171
83 172
83 170
83 181
83 93
83 173
83 179
84 109
84 107
84 108
84 111
84 110
84 93
85 198
85 93
85 97
85 100
86 93
87 93
87 306
87 334
88 93
88 120
88 119
89 96
89 93
90 187
90 281
90 280
90 93
90 291
91 210
91 209
91 212
91 211
91 93
91 213
91 214
91 215
92 93
92 289
