# Nodes: 154
0 54
0 141
1 145
1 144
1 54
2 54
2 119
3 61
3 54
4 67
4 54
5 134
5 133
5 54
6 136
6 137
6 138
6 139
6 54
7 130
7 132
7 129
7 54
7 131
8 128
8 54
8 127
9 135
9 54
10 115
10 116
10 54
11 66
11 54
12 93
12 113
12 112
12 110
12 54
12 111
13 78
13 54
14 85
14 54
15 74
15 54
15 75
16 54
17 105
17 104
17 54
18 83
18 84
18 82
18 54
19 54
19 86
20 142
20 143
20 54
21 76
21 54
22 108
22 54
23 69
23 70
23 54
23 68
24 80
24 54
25 77
25 54
26 54
27 109
27 54
28 54
29 81
29 54
30 114
30 54
31 56
31 58
31 59
31 54
31 57
31 55
32 121
32 120
32 122
32 54
33 88
33 54
33 87
34 98
34 93
34 97
34 94
34 96
34 95
34 54
34 92
35 99
35 100
35 54
36 54
37 54
38 60
38 54
39 62
39 63
39 54
40 72
40 71
40 73
40 54
41 91
41 54
42 117
42 54
42 118
43 61
43 54
44 102
44 101
44 54
45 126
45 140
45 54
46 103
46 107
46 106
46 54
47 147
47 151
47 148
47 54
47 150
48 89
48 90
48 54
49 146
49 152
49 54
50 65
50 64
50 153
50 54
50 149
51 54
51 79
52 72
52 71
52 54
53 123
53 125
53 124
53 54
