# Nodes: 315
0 75
0 73
0 76
1 237
1 239
1 236
1 73
1 238
2 237
2 239
2 236
2 73
2 238
3 162
3 160
3 163
3 161
3 73
4 73
4 103
4 102
4 104
4 105
5 157
5 73
5 159
5 158
5 155
5 156
5 154
6 308
6 73
6 307
6 309
7 294
7 297
7 299
7 73
7 293
7 300
7 298
8 73
8 175
9 167
9 166
9 73
9 168
9 165
9 164
10 178
10 73
11 184
11 73
11 182
11 181
11 183
12 73
12 218
12 213
12 212
13 217
13 165
13 166
13 73
13 215
13 216
13 214
14 179
14 73
14 180
14 177
14 176
15 171
15 170
15 172
15 73
15 169
15 173
15 174
16 88
16 85
16 87
16 73
16 86
17 73
17 93
18 186
18 187
18 73
18 188
18 185
19 83
19 73
19 84
19 82
20 121
20 124
20 118
20 303
20 264
20 113
20 266
20 111
20 117
20 115
20 128
20 120
20 127
20 123
20 129
20 267
20 263
20 130
20 112
20 119
20 125
20 116
20 73
20 122
20 261
20 114
20 265
20 126
20 262
21 279
21 277
21 73
21 276
21 273
21 274
21 275
21 278
21 302
22 282
22 142
22 137
22 151
22 141
22 150
22 138
22 147
22 135
22 310
22 145
22 74
22 144
22 149
22 283
22 153
22 146
22 284
22 134
22 140
22 143
22 304
22 281
22 286
22 285
22 139
22 280
22 152
22 136
22 148
22 301
23 232
23 73
23 249
23 234
23 248
23 233
23 247
24 259
24 74
24 301
25 73
25 301
26 312
26 73
26 306
26 289
26 288
27 73
27 250
28 74
28 221
28 224
28 225
28 222
28 223
28 305
29 231
29 73
29 230
30 73
31 73
31 196
32 189
32 73
33 73
34 227
34 73
34 228
34 229
34 226
35 197
35 199
35 198
35 74
36 73
36 251
37 219
37 73
38 97
38 73
38 98
38 99
38 94
38 100
39 246
39 245
39 74
40 73
41 73
42 73
42 313
43 74
43 77
43 78
43 79
43 80
44 74
44 91
44 101
44 90
44 89
45 73
46 205
46 206
46 207
46 74
47 220
47 74
48 195
48 211
48 74
49 208
49 74
49 200
49 201
49 209
49 210
50 81
50 74
51 292
51 290
51 291
51 74
52 95
52 74
52 311
52 314
52 96
53 74
54 202
54 203
54 204
54 74
55 92
55 74
56 74
57 73
58 256
58 257
58 73
58 255
59 132
59 131
59 73
59 133
60 287
60 260
60 73
60 258
60 235
61 296
61 268
61 295
61 74
62 254
62 73
62 253
62 252
63 106
63 108
63 73
63 107
63 110
63 109
64 74
65 75
65 73
65 76
66 73
67 270
67 73
67 272
67 271
67 269
68 242
68 73
68 243
68 241
68 244
68 240
69 73
70 191
70 74
70 190
70 193
70 194
70 195
70 192
71 74
72 73
