5847 
0: 1904 2909 5215 5221 5256 5258 5407 
1: 1904 2902 4401 5215 
2: 1904 5215 5251 
3: 1883 2152 2153 
4: 2084 2165 2166 
5: 2037 4363 4364 
6: 1972 2376 2377 
7: 2026 4370 5340 
8: 1904 5274 5275 
9: 1972 4359 4360 
10: 2068 2167 2168 
11: 2068 2362 2363 
12: 2084 2165 2166 
13: 2019 2145 2147 
14: 2069 4868 4894 4999 5037 5255 5431 
15: 2068 2123 2125 
16: 2044 2169 2274 
17: 2084 2165 2166 
18: 2068 2139 2140 2141 2142 
19: 2068 2140 2141 
20: 2068 2364 2365 
21: 2050 
22: 2004 2143 2144 
23: 1904 2385 2386 2387 2388 2389 
24: 2120 
25: 1904 2903 2904 5215 
26: 1911 
27: 2056 
28: 2084 2134 2135 5473 
29: 1911 
30: 1973 5073 
31: 2059 
32: 2111 
33: 2098 
34: 2003 4917 
35: 2037 2132 2133 
36: 2068 2136 2273 5288 
37: 2024 5234 5235 
38: 2016 
39: 2004 2130 2131 
40: 2068 2129 4339 
41: 2008 5217 
42: 1963 5380 
43: 1972 2907 2908 
44: 1975 4361 4362 
45: 1972 2376 2377 
46: 2019 2145 2147 
47: 2019 2145 2147 
48: 2068 2123 2124 
49: 1975 5184 
50: 2050 
51: 2024 2722 2723 2724 2725 
52: 2050 
53: 2003 4526 
54: 2050 
55: 2050 
56: 2095 
57: 2045 2963 2964 5343 
58: 2093 2952 2953 2954 2955 
59: 1866 2960 2961 2962 
60: 1900 4895 4896 
61: 1859 
62: 1975 5403 
63: 1972 4418 
64: 1859 
65: 1886 
66: 2092 
67: 2024 2956 2957 2958 
68: 2050 
69: 1933 
70: 2068 5315 5316 5461 
71: 2068 5317 5318 5714 
72: 1941 
73: 1896 4751 
74: 1883 4467 4468 4469 4470 
75: 1963 2654 
76: 2037 5117 
77: 2004 5222 
78: 2094 
79: 2050 
80: 2050 
81: 2037 5355 
82: 1985 4709 
83: 1973 5182 5279 
84: 2068 5308 5309 5627 
85: 2019 5314 
86: 1875 2965 2966 2967 2968 2969 2970 
87: 1975 5287 
88: 1987 5208 
89: 2084 5306 5720 
90: 1994 4926 
91: 2068 5310 5311 
92: 2068 5310 5311 5512 
93: 2068 5315 5316 5724 
94: 2068 5319 5320 5727 
95: 2068 5308 5309 5563 
96: 2019 5307 
97: 2068 5266 
98: 2084 5332 5670 
99: 2019 5307 
100: 1937 
101: 1972 4417 5322 
102: 1972 4417 5322 
103: 2044 5152 
104: 1984 4376 
105: 2050 
106: 2068 2150 2151 
107: 2068 2124 2125 
108: 2019 2269 2270 
109: 2004 2271 2272 
110: 2003 5193 5194 
111: 2068 5310 5311 
112: 2068 5312 5313 
113: 2019 5314 
114: 2004 4435 4436 4857 5171 
115: 1861 4509 4510 4511 4512 
116: 1861 4513 4537 4951 4952 
117: 2004 4538 5259 5458 
118: 2068 5312 5313 
119: 1883 4467 4468 4469 4470 
120: 2105 3679 3680 3681 3682 3683 5023 
121: 1904 4137 5200 
122: 2068 5319 5320 5588 
123: 1905 
124: 2098 
125: 1975 5287 
126: 2068 5266 
127: 1975 5287 5523 
128: 2036 
129: 2044 5152 
130: 2068 5277 5600 
131: 1972 4369 4541 4628 5035 
132: 2084 5303 5670 
133: 2068 5312 5313 
134: 2068 5317 5318 5656 
135: 2084 5303 5670 
136: 2084 5332 5670 
137: 2079 5387 5388 5389 5390 
138: 1904 2801 4539 5407 
139: 1904 2798 4415 
140: 2079 5440 5441 
141: 2037 4848 4946 
142: 2004 4434 4435 4436 5192 
143: 1972 4418 
144: 1884 4462 4463 4464 4465 
145: 1913 2704 2705 2706 
146: 2024 5091 5092 
147: 2024 5089 5090 
148: 2079 4396 4397 4398 4399 
149: 1861 2981 2982 2983 2997 2998 2999 3000 3001 3002 3003 
150: 1904 5202 5344 
151: 2068 2136 2146 
152: 2068 2137 2138 
153: 2019 2145 2147 
154: 1975 2366 2374 
155: 1978 
156: 2084 2165 2166 
157: 1972 2375 2376 
158: 1861 2742 2743 2744 2745 2746 
159: 2095 
160: 1861 2984 2985 2986 2994 2995 2996 
161: 2079 5387 5391 5392 5393 
162: 1904 2802 2803 5382 
163: 1861 
164: 1884 3053 3054 3055 3056 3057 3058 3059 
165: 1861 4293 4294 4295 4296 
166: 1861 3006 3007 3012 3013 
167: 1861 2980 
168: 2101 2747 2748 2749 2750 2751 2752 
169: 1861 2742 4068 4069 4070 4071 
170: 1912 3018 3019 3020 3021 3022 
171: 1859 
172: 2085 
173: 2105 
174: 1912 
175: 1912 3048 
176: 2024 2971 2972 2973 2974 2975 
177: 1861 2976 2977 2978 2979 
178: 1951 3042 3043 3044 3045 5346 
179: 1861 4301 4302 4303 4304 
180: 1883 3066 3067 3068 3069 
181: 1883 2728 2729 2730 2731 
182: 2104 3014 3015 3016 3017 
183: 1928 4297 4298 4299 4300 5510 
184: 1861 4325 4326 4327 4328 
185: 1861 2987 2988 2989 
186: 1904 2990 2991 2992 2993 
187: 1861 2337 2338 2339 2340 
188: 1912 
189: 2092 
190: 1907 3023 3027 3028 3029 3030 
191: 1879 
192: 2102 
193: 1885 2248 2249 2250 2251 
194: 1885 
195: 1885 2303 2304 2305 2306 
196: 1889 
197: 1883 3004 3005 3008 3009 3010 3011 
198: 1904 
199: 1884 2228 2231 3034 3035 3036 3037 
200: 1923 3024 
201: 1889 
202: 1860 
203: 2082 
204: 1903 3366 4252 4253 4254 
205: 1870 4255 4256 
206: 1887 
207: 1928 3081 
208: 1861 2319 2320 2321 2322 
209: 1924 4259 
210: 1904 2207 2208 2209 2210 
211: 1946 3060 3061 3062 3063 3064 
212: 1888 3065 
213: 1921 2620 2621 2622 2623 2624 2626 2627 2628 2629 2630 2631 2675 
214: 1861 
215: 1908 3870 3871 3872 3873 3874 
216: 1885 
217: 1904 3100 3101 3102 3103 
218: 1904 3875 3894 
219: 2103 
220: 1883 5383 5429 5430 
221: 2024 4420 4421 4422 4423 
222: 1955 2297 2298 2299 2300 2301 2302 2307 2356 2357 2358 2359 2360 2361 
223: 1887 
224: 1884 4287 4288 4289 4290 4291 4292 
225: 2119 
226: 1963 4272 
227: 2103 
228: 1920 2714 2715 2727 
229: 1919 
230: 2024 3031 3032 3033 3046 4772 
231: 1904 2343 2344 2345 2346 
232: 1883 5135 5136 5196 5197 5198 5199 
233: 1924 2481 2482 2483 2484 2485 2486 
234: 1919 
235: 1872 4273 4274 4275 4276 
236: 1970 4381 
237: 2029 
238: 1993 
239: 1874 
240: 1924 
241: 1970 2702 
242: 1924 3972 
243: 1924 
244: 1887 
245: 1924 3150 3151 3152 3153 3154 3155 3156 3157 3194 3195 
246: 1999 2487 2488 2489 2491 
247: 1887 
248: 2024 3087 3088 3089 3090 3091 3092 3093 3094 
249: 1883 3149 
250: 1887 
251: 1887 
252: 1888 3878 3879 3880 3881 3927 
253: 1863 
254: 1919 
255: 2024 4392 4393 4394 
256: 1987 3070 3071 
257: 1899 2368 2369 2370 
258: 1904 3956 3957 3958 3959 
259: 1877 3104 
260: 1932 2632 2633 2634 2637 2638 2639 2640 2641 2642 2643 2644 2648 2649 2650 
261: 1888 3962 3963 3964 3965 
262: 1889 
263: 1901 4235 4236 4237 4238 4239 
264: 1871 4277 4278 4279 4280 
265: 1884 3115 3116 3117 3118 3119 3120 3121 3122 3123 3124 3125 3126 3127 3128 3129 3130 3131 3132 3133 3167 3168 3169 3170 3171 3172 3173 3174 3175 3176 3177 3178 3179 3180 
266: 1884 4268 4269 4270 4271 
267: 1889 
268: 2107 
269: 1940 2506 2507 2508 2509 2511 2512 2513 
270: 1892 2502 2503 2504 2505 
271: 1872 3095 3096 3097 
272: 1883 3110 3111 3112 3113 3114 
273: 1915 2667 2668 2669 2670 
274: 1888 2465 2466 2467 2468 
275: 1935 2462 2463 2464 4567 4568 4569 
276: 1889 4263 4264 4265 4266 
277: 1880 3047 
278: 1860 
279: 1878 2445 2446 2447 2448 
280: 1871 
281: 1912 5189 5190 
282: 1912 4111 4112 4113 4114 
283: 2010 
284: 1887 
285: 1889 2492 2493 2494 
286: 2024 4659 4660 
287: 1899 
288: 1883 3182 
289: 2032 5076 5100 
290: 1883 3196 3197 3198 3199 
291: 2051 2528 2529 2530 2531 
292: 1972 2570 2571 2572 2573 2574 2575 2576 2577 2578 2579 2580 2635 2636 
293: 2034 
294: 1912 3049 3050 3051 3052 
295: 1904 
296: 1921 2260 3158 3159 3160 
297: 1889 3235 3236 3237 3238 
298: 2076 
299: 1904 3974 
300: 1924 3134 3135 3136 
301: 1924 3074 3075 3076 3077 3078 3079 3080 
302: 2098 
303: 1920 3284 
304: 1883 3970 3971 3988 
305: 2096 
306: 1921 2260 3158 3159 3160 
307: 1891 3106 3107 3108 3109 
308: 1883 3111 3112 3975 3976 3977 3978 
309: 1904 4118 4119 
310: 1904 2454 2455 2456 2457 
311: 1932 4334 4335 4336 4337 4344 
312: 1888 3212 3213 3214 3215 
313: 1915 3960 3961 
314: 1952 2215 
315: 1920 4125 4126 4127 4128 4507 4639 5238 5239 
316: 2085 
317: 1974 3260 3261 3262 3263 
318: 1881 3191 3192 
319: 1883 3164 3165 3188 3189 
320: 1924 2289 2290 2291 2292 2293 2294 2295 2296 
321: 1924 3079 3080 3219 3220 3221 3222 
322: 1892 2281 2282 2283 2284 
323: 1952 3193 
324: 1955 3073 3082 3083 3084 3085 3086 
325: 1883 3137 3138 3139 3140 3141 3142 
326: 1960 
327: 1924 
328: 2098 
329: 1972 
330: 2098 
331: 1882 
332: 1888 3099 
333: 1891 3106 3107 3108 3109 
334: 2098 
335: 2106 2426 2427 4983 5001 
336: 1898 3342 3343 3344 3345 
337: 1924 3315 3316 
338: 1969 4661 
339: 1884 3072 
340: 1939 3105 3143 3144 3145 3146 3147 3148 
341: 1997 3234 
342: 2106 2799 2800 4927 5001 
343: 1878 
344: 1873 2372 2373 4380 
345: 2034 
346: 1873 2372 2373 4380 
347: 2098 4115 4116 
348: 2098 2807 2808 
349: 1891 3106 3107 3108 3109 
350: 1903 3202 3203 3204 3205 3206 3207 3208 
351: 1863 
352: 2041 
353: 2032 4447 4448 
354: 1889 4192 4193 4194 4195 4257 4258 
355: 1997 3166 
356: 2032 5272 
357: 1997 3166 
358: 1964 3183 3184 3185 3186 3187 
359: 1889 2660 2661 2662 2663 2664 
360: 1889 
361: 1918 
362: 1902 2657 2658 2659 2666 2673 2674 
363: 1891 2378 2379 
364: 1997 3166 
365: 1904 3350 3352 4213 4214 
366: 1902 2657 2658 2659 
367: 1888 3268 3269 3270 3271 
368: 1938 4206 4207 4208 4209 4210 4211 
369: 1883 2380 2381 2382 2383 
370: 2098 
371: 1898 4065 
372: 1858 2817 2818 2823 2824 2825 2826 2827 2828 2829 2830 4552 4553 4656 4931 
373: 1904 2148 2149 
374: 1904 
375: 1857 
376: 1904 2689 2690 2691 2707 2708 
377: 2098 2813 2814 2815 2816 4499 5078 
378: 1932 3950 3951 3952 3953 3954 3955 4344 
379: 2098 2413 2414 2415 2416 
380: 1861 
381: 2065 5453 
382: 1861 
383: 1924 3074 3079 3080 3274 3275 3276 3277 3278 3279 3280 3281 3282 3283 
384: 1966 
385: 1900 2384 
386: 1904 
387: 2098 
388: 2112 3332 3333 
389: 1904 2412 
390: 1858 2831 2832 2833 2834 2835 2836 2837 2838 2839 2840 4552 4553 4656 4931 
391: 1889 
392: 2098 2788 2789 2790 2791 2792 2793 2794 2795 2796 2797 
393: 1904 4094 4095 4096 4097 
394: 1904 2855 2856 2857 2858 
395: 1904 
396: 1904 2821 2822 
397: 1924 
398: 1961 
399: 2098 2810 2811 2812 2819 2820 4498 5077 
400: 1904 
401: 1904 
402: 1942 3990 
403: 2098 2398 2399 2400 2401 2402 2403 2404 2405 2406 2407 
404: 1904 
405: 1904 2861 2862 2863 2864 2865 2866 5368 
406: 2098 2841 2842 2843 2844 2845 2846 2847 2848 2849 2850 
407: 1949 4022 4023 4024 
408: 1904 2394 2395 2396 2397 
409: 1904 
410: 1899 4138 4139 
411: 1954 3980 3981 
412: 1904 2883 2884 2885 2886 
413: 2098 2867 2868 2869 2870 2871 2872 2873 2874 2875 2876 
414: 1904 5257 5372 5373 5374 5375 
415: 2098 
416: 1904 2877 2878 2879 2880 
417: 2100 
418: 2006 3382 3383 
419: 1904 
420: 1861 
421: 1861 4098 4099 4100 4101 
422: 1904 2891 4400 5176 
423: 1912 2721 
424: 1904 2126 4400 5176 
425: 1989 3329 3330 3331 3334 
426: 1904 2887 2888 2889 2890 5273 
427: 1904 2893 4400 5176 
428: 1904 2892 4400 5176 
429: 1861 2783 2784 2785 2786 
430: 1936 3397 3398 3399 3400 
431: 1860 
432: 1995 3458 
433: 1861 
434: 1889 4146 4147 4148 4159 
435: 2110 3459 
436: 1904 2851 2852 2853 2854 4387 4785 4786 4787 4788 4789 4790 4791 4792 4793 4794 4795 4796 4797 4798 4799 4800 4801 4802 4803 4804 4805 4806 4807 4808 4809 4810 4811 4812 4813 4814 4815 4816 4817 4818 4819 4820 4821 4838 5252 
437: 1904 
438: 1904 3430 3495 3591 3592 3593 
439: 1904 
440: 1920 4160 4161 4162 4163 
441: 1861 2408 2409 2410 2411 5059 5122 
442: 1904 
443: 1899 3209 3210 3211 3224 
444: 2108 4671 
445: 1904 3430 3484 3485 3486 3487 
446: 2009 
447: 1951 3223 
448: 1882 4674 4675 4676 4677 4678 4679 
449: 1904 
450: 1973 4410 
451: 1904 
452: 2024 4057 
453: 1904 
454: 2032 2127 2128 4728 4730 
455: 2047 4504 5191 
456: 1991 2265 2266 2267 2268 
457: 1884 3241 3242 3243 3244 
458: 1904 
459: 1884 5203 5371 5532 
460: 1973 2247 
461: 1884 5203 5425 5639 
462: 1971 3273 
463: 1967 3240 
464: 1909 3200 3201 
465: 1884 5203 5369 5535 
466: 1925 3225 3226 3227 3228 
467: 1886 
468: 1873 3423 3424 3425 
469: 1916 3216 3217 3218 3245 3254 
470: 1885 2894 2899 2900 2901 
471: 2098 4340 4386 
472: 1928 2200 2201 2202 2203 
473: 1884 5203 
474: 1887 3393 3394 
475: 1884 5203 
476: 1884 3395 3419 3420 3421 3422 
477: 1997 3358 3431 3432 3433 
478: 1904 3255 3294 3295 3296 
479: 1997 2500 2501 
480: 1924 4025 4026 4027 4028 4029 4030 
481: 1887 3368 
482: 2024 4037 4038 4039 4040 4041 4042 4043 
483: 1884 4058 4059 4060 4061 
484: 1889 3376 3377 3378 
485: 1884 3320 3321 3322 
486: 1944 
487: 1973 2469 
488: 1929 3348 3349 
489: 1904 3408 
490: 1904 5220 
491: 1904 4652 4653 5273 
492: 2105 4889 4980 5123 5124 5466 5619 
493: 1995 2191 2192 2193 2194 
494: 1884 3520 3521 3522 3523 
495: 1889 3488 3505 
496: 2103 
497: 1887 2220 4054 
498: 1887 2220 2221 
499: 1933 3937 3938 3939 3940 
500: 1997 3346 3356 3357 3358 
501: 1873 3511 
502: 1883 2495 
503: 1876 
504: 1977 3229 3230 3231 
505: 1963 2232 2233 2234 
506: 1883 3256 3257 3258 3259 
507: 1959 
508: 1904 3966 3967 3968 3969 
509: 1951 3223 
510: 2109 2204 
511: 1994 3412 3413 3414 
512: 2098 4777 4880 4881 4882 
513: 1884 3272 
514: 1972 2570 2571 2572 2573 2574 2575 2576 2577 2578 2580 2635 2636 2804 2907 2908 3989 4341 4345 4346 4347 4348 4353 4354 4357 4366 4375 4378 
515: 1887 2252 
516: 1975 4157 4158 
517: 2024 3401 3402 3403 
518: 2098 4658 4727 5690 
519: 1924 
520: 1883 2311 2312 2313 
521: 1887 3947 3948 3949 
522: 1971 3239 
523: 1971 4005 4006 
524: 1997 2510 
525: 1931 
526: 1951 3223 
527: 1889 3359 3360 3361 
528: 1957 2592 2593 
529: 1917 2278 2279 2280 
530: 1955 3472 
531: 1884 2590 2591 
532: 1884 2262 2263 
533: 1971 2253 2261 
534: 1887 
535: 1954 4571 4572 
536: 1927 
537: 1887 4011 
538: 1899 5062 5455 
539: 1883 2758 2759 2760 2761 2762 2763 2764 2765 2766 2767 2768 2769 2770 2771 2772 2773 2774 2775 2776 2777 4757 4758 4759 4760 4761 4762 4763 5323 
540: 1883 4935 4936 4937 4938 4939 4940 4941 5305 
541: 2103 4592 4921 4922 4923 5301 5594 
542: 2098 4886 4887 4932 
543: 2027 2911 2912 2913 2914 2915 2916 2917 2918 2919 2920 2921 2922 2923 2924 2925 2926 2927 2928 2929 2930 4973 4974 4975 4976 4977 4978 4979 5261 5333 5467 
544: 1951 4775 5065 5066 
545: 1883 4389 4390 4391 4555 4556 4557 
546: 1924 
547: 2033 3746 4614 4994 5020 5021 5381 5385 5479 
548: 1889 4691 
549: 1884 4012 4018 
550: 1945 5032 5033 5034 
551: 2103 4592 4921 5301 5594 
552: 2027 4734 5261 
553: 2103 4535 4542 
554: 1883 5261 
555: 1924 4752 4753 4754 4755 
556: 1992 4497 5411 
557: 1929 2121 
558: 1994 5424 5444 
559: 1973 4870 4871 
560: 2039 5212 
561: 1951 5304 5497 
562: 2033 3746 4614 4994 5020 5021 5384 5385 5423 5479 
563: 2024 5102 5103 5104 5105 5106 
564: 1884 3482 3483 3497 3498 
565: 1951 4890 
566: 2024 4559 4560 5402 
567: 2033 3746 4614 5020 5021 5022 5384 5423 5636 
568: 1994 4778 
569: 2033 3746 4614 5015 5016 5017 5018 5019 5020 5021 5276 5479 
570: 1884 3543 
571: 1889 5097 5098 
572: 1893 
573: 1904 5262 5263 5265 
574: 1972 4406 4412 4413 4822 4823 4824 4825 4826 4827 4828 4829 4830 4831 4832 4833 4834 4835 4836 4853 
575: 2019 5000 5036 5096 
576: 1973 5043 5044 5045 5051 
577: 1973 4780 4781 4845 4846 
578: 2033 3746 4614 5020 5021 5267 5268 5479 5658 
579: 2079 3499 3500 3501 3502 
580: 1893 
581: 1963 4554 4924 4963 5399 5400 
582: 2014 5364 
583: 2103 4524 4525 
584: 1970 2677 2678 2679 2680 
585: 1883 5047 5048 5353 5661 
586: 2024 4529 
587: 2068 5434 5435 5436 
588: 1973 4773 4774 
589: 2024 4934 
590: 1938 4383 4384 5617 5692 
591: 2039 5212 
592: 2079 3608 3609 3610 3621 
593: 1893 
594: 2024 4998 
595: 2024 4998 5607 
596: 1972 5112 5113 
597: 1994 4010 
598: 2019 4749 4750 
599: 1965 5093 5386 
600: 1958 4996 
601: 1893 
602: 1893 
603: 2014 4382 4419 
604: 1930 4906 4907 4908 4909 5573 5687 
605: 1883 4573 
606: 1975 5286 
607: 2003 4377 5490 
608: 2024 4451 5347 5591 
609: 1951 5304 
610: 1994 5408 5409 5410 
611: 2037 4862 4863 4864 4865 4866 4867 5629 
612: 1982 4859 4860 4861 
613: 2052 5014 
614: 2024 4471 
615: 1930 4910 4911 4912 4913 4914 5650 5702 
616: 1963 5342 5546 5601 
617: 2052 4694 4695 5480 5653 
618: 2038 4534 4612 4621 5110 5111 5120 5121 
619: 1963 2946 5282 5454 5540 5578 5583 5645 5678 
620: 1894 4765 4766 
621: 2024 4954 4955 4956 4958 4959 5669 5695 
622: 2003 4456 5119 5531 5580 5659 5708 
623: 2090 
624: 1894 4699 
625: 2033 3746 4613 4614 5020 5021 5384 5423 5479 5495 
626: 2024 4616 4872 5101 
627: 2071 4505 5542 
628: 1884 4427 4428 5725 
629: 2002 4841 4842 4843 4844 
630: 2115 4729 5463 
631: 2042 4508 5533 
632: 2033 3746 4614 5020 5021 5360 5479 
633: 2024 4735 4736 4737 
634: 1894 5404 5686 
635: 1871 2183 2184 
636: 2025 4183 4184 4185 4186 
637: 2003 
638: 1947 4187 
639: 1984 4407 4601 5587 5660 
640: 2024 4547 4548 4549 4550 4551 5611 
641: 2033 5361 5560 
642: 1984 4349 4756 
643: 2024 4683 4684 4685 
644: 1973 5011 
645: 1970 4066 4414 
646: 2004 
647: 1884 5053 5605 
648: 1933 3544 
649: 1994 2726 
650: 1963 5443 5596 
651: 2017 3595 3596 3597 3598 
652: 1926 3632 
653: 1988 2367 4918 
654: 2037 4942 4943 5603 
655: 2113 4715 5515 
656: 2013 4488 4489 
657: 2039 4596 4597 
658: 2013 4490 4491 5564 5569 
659: 1933 2594 
660: 1884 4082 4083 4092 
661: 1973 4244 4245 
662: 2090 5178 5181 
663: 1933 4246 4247 4248 4249 
664: 1932 2950 4631 4703 
665: 1957 4992 5327 
666: 1976 4950 5486 
667: 1902 2470 2471 
668: 1902 4698 5579 
669: 1964 3635 
670: 1902 4697 5516 
671: 2032 4009 
672: 2027 4072 4073 4074 4075 4076 5334 
673: 1884 2581 
674: 1884 2224 
675: 2058 4771 4929 4988 
676: 1884 
677: 1963 2239 2240 2241 2242 
678: 1973 2452 
679: 2036 4232 
680: 1962 3385 
681: 2017 4426 4577 4630 5172 
682: 2007 5354 5358 5439 5448 5676 5681 
683: 2019 2354 2355 
684: 2019 3310 
685: 1884 5247 5248 
686: 1884 5247 5248 
687: 1973 3859 4143 4144 4145 4169 
688: 1950 2353 
689: 1997 3489 3490 
690: 2026 5088 5630 
691: 1932 4575 4576 5321 
692: 1887 
693: 1972 3633 3634 
694: 1950 3297 
695: 1884 5054 5709 
696: 1995 4165 4166 4167 4168 
697: 1884 4893 5227 5240 5328 5329 5331 5549 
698: 1884 4228 4229 4230 4231 
699: 1904 3298 3299 3300 3301 3303 
700: 1973 3449 
701: 1963 3450 3451 3452 3453 
702: 2103 3415 3416 3417 3418 
703: 2017 4395 4425 
704: 1884 5025 5026 5027 5028 5029 
705: 1963 5284 5570 5618 5641 
706: 1884 2582 2583 2584 2585 
707: 1924 4035 
708: 2032 2453 
709: 1871 3589 
710: 2012 3347 
711: 1963 5162 
712: 1997 
713: 1904 2181 
714: 2043 
715: 1904 3311 3312 3313 3314 
716: 2019 3341 
717: 1976 4585 4586 4587 4588 4589 5682 
718: 2019 4164 
719: 1994 5280 5558 
720: 1933 2566 2567 2568 2569 
721: 1933 3658 3659 3660 3661 
722: 2024 4961 4962 
723: 1887 3664 3665 3666 
724: 2003 2156 2180 
725: 1982 2472 2475 2556 
726: 1887 2449 2450 2451 
727: 1887 3454 3455 3456 3457 
728: 1887 3664 3665 3666 
729: 2013 
730: 1884 4839 5264 5513 
731: 2014 3302 3305 3306 3307 
732: 2019 3340 
733: 1962 3308 3309 
734: 1976 3474 
735: 2035 4081 4084 4920 
736: 1994 2553 
737: 1887 
738: 1884 3264 3265 3266 3267 
739: 2024 3648 3649 3650 
740: 2014 2216 2217 
741: 2024 2171 2172 
742: 1887 3664 3665 3666 
743: 2025 2496 2497 2498 2499 
744: 1995 4153 4154 4155 4156 
745: 2103 2199 
746: 1997 3572 
747: 2054 4492 4493 5638 5673 
748: 1973 3623 
749: 1973 3246 3247 
750: 2019 3380 3381 
751: 1871 2154 2155 
752: 1930 4062 4063 
753: 1934 2244 2245 2246 5506 5643 5719 
754: 2014 4052 4055 4056 
755: 1963 4720 4721 4722 4723 
756: 1904 3299 3491 3492 3493 3494 5094 
757: 2110 3714 3715 3716 
758: 1889 3252 3622 
759: 2110 3404 3405 3406 3407 
760: 1884 4077 4078 
761: 2113 2490 
762: 2024 3561 3562 
763: 2008 4738 
764: 2024 5398 
765: 1997 
766: 1883 4170 4171 
767: 1871 4172 4173 4174 4175 4178 4179 4180 
768: 2024 5118 5459 
769: 2024 3991 3992 
770: 1868 
771: 2019 3446 
772: 2115 4338 4350 4416 
773: 1884 3304 
774: 1884 
775: 1884 
776: 1884 5013 5228 5465 5561 
777: 1884 2228 2229 2230 2231 
778: 2003 3434 3435 3436 3437 3438 3439 3440 3441 3442 3443 
779: 1973 
780: 1916 3663 
781: 1884 3426 
782: 1889 4558 
783: 1924 3074 3079 3080 
784: 2020 3556 3557 3558 3559 3560 
785: 2090 5163 
786: 1884 3603 3604 
787: 1964 4223 4224 4225 4226 4227 4250 4251 
788: 1983 
789: 1871 3624 3625 3626 3627 3628 3629 3630 3631 
790: 1902 2473 2474 
791: 1973 4007 4008 
792: 2018 2685 
793: 2115 4466 
794: 1947 3473 
795: 1962 5326 
796: 2019 3599 3656 3657 
797: 1902 3444 
798: 2017 4079 4080 
799: 2024 5359 
800: 1973 3532 3533 3534 
801: 1904 
802: 2019 3445 3446 
803: 1964 4712 4713 5550 5691 
804: 2103 
805: 1884 3603 3604 
806: 2073 5270 5722 
807: 2024 3919 
808: 2024 4663 
809: 1904 2352 
810: 2103 2686 2687 
811: 1882 
812: 2036 2596 
813: 1973 3698 
814: 2019 3310 
815: 1997 3489 3490 
816: 2054 4647 4648 4649 4650 4651 
817: 1997 
818: 1914 2161 2162 2163 2164 
819: 1882 5445 5446 
820: 1924 2681 2682 2683 2684 
821: 1997 
822: 2019 3594 
823: 1869 4453 4454 4455 
824: 2103 
825: 1904 
826: 2038 4431 4432 4433 
827: 1884 
828: 2113 
829: 1914 5148 5149 5150 5151 
830: 1924 4085 4086 4087 4088 4089 4090 4091 
831: 1902 3471 
832: 2023 
833: 2011 
834: 2081 4064 
835: 2057 3563 
836: 2019 3504 4140 4141 4142 
837: 2025 3651 3652 3653 3654 
838: 1871 4202 4203 
839: 1995 3539 3540 3541 3542 
840: 1884 4485 4897 4928 
841: 2024 5218 
842: 1904 3573 3574 3575 3576 
843: 2032 3373 3374 3375 
844: 2074 3668 3669 3670 3671 
845: 1984 3181 
846: 2003 2219 
847: 2024 2557 2558 2559 2560 
848: 1889 4372 
849: 1904 3707 
850: 1929 3993 4031 4032 4033 
851: 1904 3350 3351 3352 
852: 2057 3563 4181 4182 
853: 1882 
854: 1904 4204 4212 
855: 2113 5213 5700 
856: 1889 4196 4197 
857: 1997 4150 4151 
858: 1904 
859: 2019 3341 
860: 1962 5326 
861: 2024 3318 3319 
862: 1973 5165 5166 
863: 2071 5002 5003 5004 5005 5006 5007 5008 5548 5707 
864: 2071 5209 5577 
865: 1976 4477 4478 4479 4480 4481 5460 5632 5699 
866: 1916 4046 
867: 1932 
868: 2024 4198 4199 
869: 1973 3292 
870: 1924 4048 4049 4050 4051 
871: 1884 2224 
872: 1963 5271 5477 5582 
873: 2038 3738 3739 3740 3741 3742 
874: 1904 2564 2565 
875: 1884 4990 4991 5545 5551 
876: 1934 
877: 1924 3336 3337 3338 3339 
878: 2038 3738 3739 3740 3741 3742 
879: 1884 4034 4044 4045 
880: 1884 
881: 2039 2533 2534 2535 2536 5525 5642 5679 5701 
882: 2032 4286 
883: 1883 
884: 2055 2182 2348 2349 2350 
885: 1904 4204 4205 
886: 1904 3460 3461 3462 3463 
887: 1930 
888: 1973 4036 
889: 1973 2526 2527 2532 
890: 1962 4351 5046 
891: 2019 3506 3507 3508 3509 3510 
892: 2019 3506 3507 3508 3509 3510 
893: 2003 3921 3922 
894: 1924 
895: 1959 3386 3387 
896: 1959 
897: 2019 3655 
898: 1971 4221 4222 
899: 1868 3253 
900: 1884 3580 
901: 2028 4461 
902: 2113 4745 
903: 2008 2805 2806 2809 3098 4355 4356 4365 4368 4379 
904: 2048 
905: 1904 2586 2587 2588 2589 
906: 1871 
907: 1904 5175 
908: 1871 
909: 1996 
910: 1933 
911: 1904 
912: 1957 
913: 2019 2537 
914: 2018 4220 5598 
915: 2014 4311 4312 4313 4314 
916: 1887 2220 2221 2222 2264 
917: 1930 4176 4177 
918: 2103 4021 
919: 2001 3577 3578 
920: 1883 3700 
921: 1904 3674 
922: 2024 2158 2159 2160 
923: 2067 2317 
924: 1902 3718 
925: 2054 4711 5451 
926: 2062 3317 
927: 1997 2157 4714 
928: 1964 2597 2598 2599 2600 2601 2602 2603 2604 2605 2606 2607 2608 2609 2610 2611 2612 2613 2614 2615 2616 
929: 1924 3447 
930: 1984 4905 
931: 1962 5046 5225 
932: 1964 2519 2520 2521 2522 2523 2524 
933: 1883 3464 
934: 1973 3503 
935: 1973 3389 
936: 1971 4570 
937: 1978 
938: 1902 3470 
939: 2024 3747 3748 3749 5219 
940: 1964 
941: 1994 2318 
942: 1884 2235 2236 2237 2238 
943: 1884 
944: 1933 3579 
945: 2024 4664 
946: 2024 4632 
947: 1884 4082 4149 4152 
948: 1994 3780 
949: 2025 5009 5010 
950: 2019 3310 
951: 1920 4117 
952: 1883 
953: 1871 3323 3324 3325 3326 
954: 2113 
955: 1868 
956: 2024 4635 
957: 1962 3327 3328 
958: 2038 
959: 1887 
960: 1973 
961: 1973 4047 
962: 2113 4784 
963: 1904 5336 
964: 1904 
965: 1904 
966: 1904 
967: 1950 
968: 1921 3791 
969: 2019 3530 3531 
970: 1884 2178 
971: 1976 
972: 1981 
973: 1973 
974: 1924 4189 4190 
975: 1871 2310 
976: 1924 2476 2477 2478 2479 2480 
977: 2019 
978: 1994 3581 3915 
979: 2019 
980: 1904 
981: 1964 3796 3824 3825 3826 
982: 1883 4129 4130 4131 4132 
983: 2019 3341 
984: 2038 4680 
985: 2024 4219 
986: 1994 3512 
987: 1959 4700 4701 4702 
988: 2036 2595 
989: 2032 5413 
990: 1994 3512 
991: 1924 3536 3537 3538 
992: 1997 5351 
993: 1884 4457 4458 
994: 2113 
995: 2032 2341 4615 5057 
996: 1904 
997: 1985 3388 3427 3428 3429 
998: 1982 
999: 2027 3757 3758 3759 
1000: 1904 2564 
1001: 2067 3469 
1002: 1883 4629 
1003: 1883 4014 
1004: 1994 3792 
1005: 2019 3504 
1006: 1984 5224 
1007: 1962 
1008: 1883 2617 2692 2693 2694 2695 
1009: 2002 2696 2697 
1010: 2019 
1011: 2113 4873 4874 
1012: 2057 3569 3570 3571 
1013: 1921 3384 
1014: 2032 3545 3546 3547 
1015: 1951 
1016: 2033 3746 4614 5020 5021 
1017: 1884 3524 3525 
1018: 2032 3548 3549 3550 3551 
1019: 1979 4682 
1020: 2019 
1021: 2032 
1022: 2032 
1023: 1904 
1024: 1943 3526 3527 3528 3529 
1025: 2113 
1026: 2097 
1027: 1982 4473 
1028: 1890 
1029: 1972 3795 
1030: 1997 
1031: 1997 
1032: 2024 4388 
1033: 2025 4633 4634 
1034: 1982 5457 
1035: 2024 4683 4684 4685 
1036: 2024 4636 
1037: 1975 3846 3904 3906 3907 
1038: 1975 3845 3846 3847 
1039: 1994 
1040: 2055 
1041: 1884 
1042: 2090 
1043: 2032 5349 
1044: 1904 3744 
1045: 2103 4667 4668 
1046: 2032 
1047: 1904 
1048: 1884 3797 3798 3799 3800 
1049: 1884 3801 3802 3803 3804 3805 3806 3807 3808 3809 3810 3811 3812 3813 
1050: 1884 
1051: 2113 4877 4878 4879 4891 4892 
1052: 2019 3844 
1053: 2027 4532 4533 
1054: 2055 
1055: 2003 5070 
1056: 2054 2554 2555 
1057: 1973 3513 
1058: 1875 2173 
1059: 2067 3396 
1060: 2053 
1061: 2054 
1062: 2013 
1063: 1994 5324 
1064: 2008 3585 3586 3587 3588 
1065: 1884 
1066: 1904 3299 3590 3602 3675 3676 
1067: 2032 
1068: 2113 
1069: 1998 5173 5174 5452 5537 
1070: 1985 4122 4123 4134 4135 4136 
1071: 2063 5524 
1072: 1884 5494 
1073: 2113 2433 
1074: 2033 2195 2196 2197 3746 4614 5020 5021 
1075: 1973 4200 
1076: 2071 5209 
1077: 1929 
1078: 2068 
1079: 1957 3777 
1080: 1884 
1081: 1884 3335 
1082: 1884 3798 3799 3814 3815 3816 3817 3818 3819 
1083: 2117 5421 5422 5474 5520 
1084: 2024 2676 
1085: 1978 
1086: 2054 2618 4590 4591 
1087: 2054 
1088: 2054 3552 3553 
1089: 2054 
1090: 2038 3519 
1091: 1924 3134 3135 3136 
1092: 2024 3994 
1093: 2032 5241 
1094: 2026 5052 5581 
1095: 2046 3605 3606 
1096: 2113 4188 
1097: 2057 5205 
1098: 1963 5437 
1099: 2032 5356 5357 
1100: 1924 
1101: 1890 5338 5648 
1102: 1883 
1103: 1883 
1104: 2024 2434 2435 2436 
1105: 2113 5363 
1106: 1904 
1107: 1972 
1108: 2110 5492 
1109: 1985 4584 5160 
1110: 1973 2174 2175 2176 2177 2179 
1111: 1883 5663 
1112: 1884 3999 4000 4001 4002 
1113: 1884 2198 
1114: 2030 3920 
1115: 1976 
1116: 1972 4476 
1117: 1916 
1118: 1871 2549 2550 2552 3409 
1119: 2057 5426 
1120: 2019 4593 4989 5075 5207 
1121: 2019 5250 
1122: 1985 2425 
1123: 1984 5167 
1124: 1854 
1125: 2113 4133 
1126: 1904 
1127: 1957 
1128: 2057 3849 
1129: 2013 3995 3996 3998 
1130: 2027 2211 2212 2213 2214 
1131: 1871 2184 2645 3589 3848 
1132: 1889 
1133: 2019 2419 
1134: 2024 5169 5170 
1135: 1976 4704 4739 4740 
1136: 1987 
1137: 2027 2428 2429 2430 2703 
1138: 1975 
1139: 2003 
1140: 2063 5478 
1141: 2063 
1142: 2057 
1143: 1894 
1144: 2055 
1145: 2003 4972 
1146: 1933 
1147: 1933 
1148: 2013 
1149: 2003 2655 2656 5249 
1150: 2113 3448 
1151: 1959 3755 3756 
1152: 2032 3667 
1153: 2032 2257 2258 
1154: 2032 
1155: 2053 
1156: 1924 3447 
1157: 2113 3568 
1158: 2072 
1159: 1948 
1160: 1959 3475 3476 3477 3478 3479 3480 3481 
1161: 1884 3902 3903 
1162: 2060 
1163: 2113 
1164: 1984 4373 5146 5195 
1165: 2103 
1166: 2103 3701 
1167: 1930 
1168: 1972 4486 4487 
1169: 2057 3353 5204 
1170: 1986 2285 
1171: 2032 3820 3821 3822 3823 
1172: 2024 2275 2276 2277 4637 4638 
1173: 2113 3355 
1174: 1964 4693 5637 
1175: 2089 4201 
1176: 1924 3447 
1177: 1957 
1178: 1921 3916 
1179: 1975 
1180: 2103 3827 5604 
1181: 2072 
1182: 1994 
1183: 1985 
1184: 1985 
1185: 2113 3973 
1186: 2032 3555 3677 3678 
1187: 1933 
1188: 1883 
1189: 2057 
1190: 1995 
1191: 2037 3888 
1192: 1921 2626 3929 3930 
1193: 2024 4404 
1194: 2113 3554 5487 
1195: 2113 3636 
1196: 1871 
1197: 1871 
1198: 2032 3997 
1199: 1904 
1200: 2072 
1201: 1973 4543 4544 4545 
1202: 2077 3751 
1203: 1955 5438 
1204: 2053 
1205: 2053 
1206: 1994 
1207: 1933 
1208: 2086 5108 5109 5450 5575 
1209: 1973 3760 3761 
1210: 1975 
1211: 1894 
1212: 2019 
1213: 1884 
1214: 2068 2288 
1215: 2004 
1216: 2090 
1217: 2068 
1218: 2068 3854 
1219: 1994 5543 
1220: 1884 
1221: 2113 3833 
1222: 2068 
1223: 2068 
1224: 1877 
1225: 2068 3854 5464 
1226: 2027 3855 3856 3857 
1227: 2113 2420 2421 2422 2423 
1228: 2103 3745 
1229: 1984 4371 5147 
1230: 2004 
1231: 1957 
1232: 2019 4530 
1233: 2057 4945 
1234: 2084 5670 
1235: 2084 5670 
1236: 1986 2185 2186 
1237: 2078 
1238: 2019 5056 5099 
1239: 1884 
1240: 2033 
1241: 1957 
1242: 1986 3778 
1243: 1963 
1244: 2113 
1245: 1904 
1246: 2032 
1247: 2057 
1248: 2057 3762 
1249: 1912 5476 
1250: 1973 3858 3859 3860 3861 3862 3863 3864 
1251: 1973 3865 3866 
1252: 2024 3750 
1253: 1973 
1254: 2013 
1255: 1973 
1256: 1973 2243 
1257: 1904 
1258: 1984 3637 3638 3639 3640 
1259: 1970 3641 
1260: 2090 5348 
1261: 2032 3840 5236 5237 5585 5599 
1262: 2063 
1263: 2057 3353 5204 
1264: 2019 
1265: 1994 3838 3839 
1266: 1963 
1267: 2011 3767 
1268: 1963 4969 4970 5491 5634 
1269: 2049 
1270: 2027 4017 
1271: 2013 2437 2438 
1272: 1963 5129 5130 
1273: 2072 4858 
1274: 2032 5568 
1275: 2024 
1276: 2024 5058 
1277: 1964 
1278: 2055 3868 
1279: 1882 3764 3765 3766 
1280: 1959 3755 3756 
1281: 2077 4514 5718 
1282: 1873 
1283: 1904 2389 4240 4241 4242 4243 
1284: 2113 4643 
1285: 2055 3908 
1286: 2057 4191 
1287: 2072 
1288: 2072 
1289: 1975 
1290: 2019 
1291: 1986 5514 5565 5593 
1292: 2027 3601 3905 
1293: 2024 2625 
1294: 2054 4429 4430 
1295: 2024 2651 2652 2653 
1296: 1997 3867 
1297: 1904 
1298: 2004 
1299: 1904 3643 3644 3645 3646 3647 5257 5376 5377 5378 5379 
1300: 1884 5675 
1301: 2057 2619 
1302: 1855 
1303: 1982 
1304: 2045 
1305: 2032 
1306: 2068 
1307: 1994 
1308: 2057 
1309: 1975 
1310: 2027 3785 3786 3885 3886 3887 
1311: 2057 
1312: 2068 
1313: 1904 
1314: 1946 3064 3897 3898 3899 3900 
1315: 1997 5069 5475 
1316: 2054 
1317: 2040 2309 
1318: 2038 4688 5183 
1319: 2073 
1320: 2113 5299 
1321: 1904 3564 3565 3566 3567 5325 
1322: 2027 2218 
1323: 1959 3706 
1324: 1986 5206 5684 
1325: 1904 3707 
1326: 1972 3795 
1327: 2073 5185 
1328: 1994 5337 5622 
1329: 2019 
1330: 1964 2328 
1331: 2026 5052 5581 
1332: 1994 
1333: 2066 2205 2206 
1334: 2054 
1335: 2057 
1336: 2055 3869 
1337: 2091 5456 5482 5566 5646 5698 
1338: 2071 2330 
1339: 2011 2439 
1340: 1994 3642 
1341: 2013 5620 5644 5662 
1342: 1957 
1343: 1884 3889 3890 5513 
1344: 2072 
1345: 2061 3708 3709 5554 5610 
1346: 2073 
1347: 1904 
1348: 2113 
1349: 1973 2286 2287 
1350: 2032 5362 
1351: 2024 3410 3411 
1352: 2067 3719 3720 5289 
1353: 2068 
1354: 2033 3746 4614 5020 5021 5290 
1355: 2032 
1356: 2061 3781 5508 5624 
1357: 2032 3782 
1358: 1955 3876 
1359: 1884 
1360: 2075 5428 
1361: 2032 4875 4876 
1362: 1994 3581 3584 
1363: 1984 2444 
1364: 1973 2710 2711 2712 
1365: 1884 
1366: 2068 
1367: 2068 
1368: 2032 
1369: 2032 
1370: 2087 
1371: 1976 3773 3774 
1372: 2057 3762 
1373: 1985 3931 3932 3933 
1374: 1934 2709 
1375: 2063 
1376: 1964 3891 3892 
1377: 2087 4449 4450 5530 
1378: 2019 3985 
1379: 1890 2316 
1380: 2032 
1381: 1889 5519 
1382: 1986 
1383: 1890 3752 4331 4332 4333 
1384: 1890 3979 
1385: 2032 5350 
1386: 2032 
1387: 1982 3672 3673 
1388: 2013 
1389: 2033 
1390: 2021 
1391: 2103 
1392: 2024 5615 
1393: 2011 2314 2315 
1394: 1884 
1395: 2064 
1396: 1982 
1397: 2080 3743 
1398: 2073 3794 5557 
1399: 1973 3836 
1400: 1986 4580 4581 4582 4583 5567 
1401: 2015 
1402: 2068 2288 5689 
1403: 2067 4321 4322 4323 4324 4374 5631 5635 5666 5671 5723 
1404: 2024 5244 5245 
1405: 2054 4666 
1406: 1963 5082 5083 5084 5085 5086 5087 5454 5540 5578 5583 5645 5678 
1407: 1964 2441 
1408: 2036 3763 
1409: 2073 
1410: 2073 
1411: 2052 4696 4869 5449 5480 
1412: 1964 2944 2945 4964 4965 
1413: 2054 3535 3723 3724 3725 3726 3727 
1414: 2032 4320 5481 
1415: 1951 5498 5626 
1416: 2032 4267 
1417: 2073 5335 
1418: 2037 4501 4502 
1419: 2113 3923 3924 
1420: 2027 5125 5126 5133 
1421: 2013 
1422: 1973 4317 4318 
1423: 2073 5292 5674 
1424: 2117 2331 2332 2333 2334 
1425: 2084 3837 
1426: 1973 2247 
1427: 2032 3925 3926 
1428: 2013 
1429: 2027 2671 2672 5609 5716 
1430: 1904 4093 
1431: 2055 3832 
1432: 1984 3728 4503 4837 
1433: 1963 3770 3771 3772 5496 5541 5683 
1434: 2057 5285 
1435: 1932 3702 3703 3704 3705 
1436: 2071 5209 
1437: 2024 5042 
1438: 2037 3775 3776 
1439: 2032 3893 
1440: 1934 4732 4733 
1441: 2037 4484 
1442: 2037 4121 
1443: 2063 5511 5574 
1444: 2081 2688 
1445: 2070 3793 3877 
1446: 1921 3895 
1447: 1921 5107 5211 5231 5232 5253 5625 5640 
1448: 2032 3828 
1449: 2019 
1450: 2019 4013 4982 
1451: 2113 2335 2336 
1452: 2030 3729 3730 3731 3732 
1453: 2073 
1454: 1951 
1455: 1890 5338 5688 
1456: 1890 2316 
1457: 2113 
1458: 1973 3909 3910 
1459: 1973 4620 5064 
1460: 2084 3911 
1461: 2084 3852 
1462: 2083 
1463: 2068 3912 
1464: 1957 
1465: 1994 3581 3582 3583 3584 
1466: 1986 5365 
1467: 2019 4443 4444 
1468: 2019 4655 5595 
1469: 2116 5345 
1470: 2032 2308 
1471: 1871 
1472: 2103 3701 
1473: 1904 3917 3918 3943 3944 
1474: 2027 
1475: 2084 3850 3851 
1476: 2084 3852 
1477: 2024 3733 3734 3735 3736 
1478: 2057 3762 
1479: 2003 4930 
1480: 2084 3853 
1481: 1975 2713 
1482: 2022 3831 3901 5647 5703 
1483: 1986 3946 
1484: 2075 4672 4673 
1485: 2113 3829 3830 5534 
1486: 2063 
1487: 1973 4003 4019 4020 
1488: 2024 3737 
1489: 2027 3787 3788 3789 
1490: 1887 4888 
1491: 2026 3942 5590 
1492: 2113 3934 
1493: 2033 3746 4614 5020 5021 5384 
1494: 2003 4748 
1495: 2019 4352 5555 
1496: 2054 4919 
1497: 2032 5079 5144 5145 
1498: 1986 3834 3835 3913 3914 
1499: 2024 4411 
1500: 2054 
1501: 2027 2440 
1502: 2057 5285 
1503: 2032 2424 
1504: 2024 3941 
1505: 1963 2716 2717 2718 2719 2720 
1506: 1924 3447 
1507: 2027 
1508: 2003 3935 3936 
1509: 2118 4770 4782 4783 5538 5616 5677 
1510: 2117 2323 2324 2325 2326 2327 
1511: 1973 5469 5507 5556 5613 
1512: 1920 4329 4330 
1513: 1994 3721 3722 
1514: 2073 4578 5652 
1515: 2019 5030 
1516: 1957 2442 2443 
1517: 2021 4767 4768 4769 5528 5571 5712 
1518: 2024 
1519: 2024 2254 2255 2256 
1520: 2037 4102 4110 
1521: 2075 5153 5154 5155 5156 5157 
1522: 2024 2625 3717 
1523: 2117 2331 2332 3753 3779 
1524: 2030 5201 
1525: 2099 
1526: 1973 3768 3769 
1527: 2003 3883 3884 
1528: 2032 4459 4460 
1529: 1959 3662 
1530: 2113 2342 4898 4899 4900 4901 4902 4903 4904 
1531: 2040 
1532: 2040 3945 
1533: 2054 
1534: 2103 
1535: 2026 4004 
1536: 2024 4719 
1537: 2056 
1538: 2113 4523 
1539: 2057 3882 
1540: 2040 
1541: 1963 5040 5041 5521 5697 
1542: 1984 5210 5483 
1543: 1963 4599 4600 5547 5713 
1544: 1963 4993 
1545: 1963 4598 
1546: 1984 3783 5485 
1547: 1867 
1548: 2024 4997 5705 
1549: 2024 3784 
1550: 2032 2347 
1551: 2063 5572 
1552: 1973 5291 5621 
1553: 1994 2351 
1554: 2053 
1555: 1883 
1556: 1861 4517 
1557: 2054 4662 4981 
1558: 2103 4724 4725 4726 5370 5412 5420 
1559: 2103 4437 4438 4439 4440 
1560: 1904 4515 4516 
1561: 1937 
1562: 1994 5269 5562 
1563: 1982 5114 5115 5116 
1564: 2071 4916 5503 
1565: 2071 4916 5503 
1566: 2071 2330 
1567: 2024 5139 5140 5141 5142 5143 5471 5667 
1568: 2113 4686 4687 
1569: 2113 5484 
1570: 2081 
1571: 2026 4971 5704 
1572: 1883 4705 4706 4707 
1573: 2003 5297 5298 
1574: 1884 5031 
1575: 2003 4305 4315 4316 
1576: 1963 5038 5039 5131 5462 5468 5493 
1577: 2075 
1578: 1883 2778 2779 2780 
1579: 2115 4944 
1580: 2004 4984 
1581: 2003 4527 
1582: 2025 4528 4933 
1583: 2003 4617 4618 
1584: 2025 4540 4747 5432 
1585: 1883 4442 4708 4741 5024 
1586: 1926 4579 5177 
1587: 1990 
1588: 1994 5229 5230 
1589: 2103 2781 2782 5127 
1590: 2103 5161 5536 5668 
1591: 2058 4474 5518 
1592: 2103 2782 5223 
1593: 2027 4776 5158 5159 
1594: 1883 4640 4641 4642 
1595: 1984 4689 4690 
1596: 1883 2753 2754 2755 2756 2757 
1597: 2115 5233 5612 
1598: 2003 4947 4948 4949 
1599: 2027 
1600: 2081 
1601: 1862 
1602: 1972 4603 5433 
1603: 2085 
1604: 2019 2145 2147 
1605: 1922 
1606: 2069 5164 5499 
1607: 1883 2152 2153 
1608: 2068 2168 2170 
1609: 2068 2122 2910 
1610: 2037 4847 5132 
1611: 2068 5312 5313 
1612: 2068 5278 5586 
1613: 2084 5306 5559 
1614: 1864 
1615: 1985 4574 
1616: 2113 4482 4483 5623 
1617: 1972 4957 4966 4967 4968 
1618: 1972 4359 4360 
1619: 2024 5242 5243 
1620: 2024 5080 5081 
1621: 2056 4067 
1622: 1985 
1623: 2003 5049 5050 
1624: 1963 5060 5061 5576 5584 
1625: 2036 4562 5216 5522 5597 
1626: 2003 
1627: 1883 
1628: 2036 
1629: 2071 4915 5589 
1630: 2079 5394 5395 5396 5397 5414 5415 5416 5417 5418 5419 
1631: 2005 
1632: 2113 4692 
1633: 2103 4385 
1634: 2003 5339 
1635: 1859 
1636: 1895 2371 
1637: 1982 5260 5706 
1638: 1860 
1639: 1856 
1640: 1888 
1641: 1888 4281 5529 
1642: 1921 2515 2516 2517 2538 
1643: 1904 4282 4283 4284 4285 
1644: 1976 4925 
1645: 1982 4403 4405 
1646: 2011 4654 
1647: 1888 3161 3162 3163 3190 
1648: 1995 2390 2391 2392 2393 
1649: 2032 4546 
1650: 1891 3106 3107 3108 3109 
1651: 1921 2259 2260 
1652: 1861 
1653: 1904 2732 2733 2734 2735 
1654: 1863 2736 2737 2738 2739 2740 2741 
1655: 1863 4475 5067 5068 5226 5401 
1656: 1897 
1657: 2098 2417 2418 4605 4606 4607 4608 
1658: 1968 
1659: 2024 4622 4623 4624 4742 4743 4744 5602 5710 
1660: 1904 2701 
1661: 1883 4849 4850 4851 4852 
1662: 2004 2947 2948 
1663: 2004 4367 4472 4665 5214 
1664: 2025 4319 
1665: 1884 5063 
1666: 1883 4518 4519 4520 4521 4522 
1667: 1975 4595 5246 
1668: 1883 
1669: 2081 
1670: 1985 5330 
1671: 1985 2949 
1672: 1910 3025 3026 
1673: 1952 4531 
1674: 1902 4215 4216 4217 4218 4233 4234 
1675: 1863 
1676: 1906 3038 3039 3040 3041 
1677: 1959 5352 
1678: 1882 5186 5187 5188 
1679: 1884 4441 4506 4840 5055 5074 5168 
1680: 2004 2906 
1681: 1963 5179 5180 5489 5527 
1682: 1865 
1683: 1861 2895 2896 2897 2898 
1684: 1861 
1685: 1904 2787 
1686: 1904 
1687: 1904 
1688: 1861 2859 2860 2881 2882 
1689: 1861 
1690: 1904 2518 
1691: 1884 3248 3249 3250 3251 3290 3291 3293 
1692: 1904 
1693: 1887 2525 
1694: 2103 3232 3233 
1695: 1924 
1696: 1924 2225 2226 2227 
1697: 1933 3982 
1698: 1977 3229 3230 
1699: 1887 3369 3370 3371 3372 
1700: 1951 5215 5302 
1701: 2031 4424 4563 4564 4565 4566 
1702: 1903 3362 3363 3364 3365 3366 
1703: 1924 2561 2562 2563 
1704: 1909 4260 4261 4262 
1705: 1994 3983 3984 4015 4016 
1706: 1953 3367 
1707: 1924 3286 3287 3288 3289 
1708: 2103 2931 2932 2933 2934 2935 2936 2937 2938 2939 2940 2941 2942 2943 
1709: 1904 4053 
1710: 1894 4764 5608 
1711: 1932 4342 4343 5488 5544 
1712: 2032 4883 4884 
1713: 2090 4995 5501 
1714: 2019 4953 
1715: 1963 5281 5526 5726 
1716: 2025 3696 3697 
1717: 2008 2539 2540 2541 
1718: 1884 2542 2543 2544 2545 2546 
1719: 1994 2547 2548 
1720: 1959 3695 
1721: 2032 
1722: 1932 
1723: 2113 
1724: 1963 5341 5552 5606 
1725: 1884 2228 2231 3518 
1726: 1871 2549 2550 2551 2552 
1727: 2113 3379 
1728: 2103 2199 
1729: 2008 4779 
1730: 2019 
1731: 1884 
1732: 1994 3691 
1733: 2037 
1734: 1900 4746 
1735: 2063 5614 
1736: 2011 3928 
1737: 2019 
1738: 2071 4885 5665 
1739: 1889 3688 3689 3690 
1740: 2003 2190 5137 5138 
1741: 2057 5285 
1742: 2057 3762 5553 5654 5721 
1743: 1973 2431 2432 5539 5711 
1744: 2057 4731 
1745: 1986 5366 5367 
1746: 1909 3699 
1747: 2105 4402 
1748: 2113 4494 4495 
1749: 2013 5405 5406 
1750: 2113 2433 
1751: 2083 
1752: 1963 5283 5447 5633 5657 
1753: 1963 5442 5592 5628 5655 
1754: 1884 5053 5605 
1755: 2037 4102 4103 4104 4105 4106 
1756: 2058 4619 5505 
1757: 1871 2645 
1758: 2024 4960 
1759: 1933 3684 3685 3686 3687 
1760: 2037 2905 2951 2959 
1761: 1997 3465 3466 3467 3468 
1762: 1900 4985 4986 4987 
1763: 2024 4625 4626 4627 
1764: 2081 4602 5128 5680 5694 
1765: 2037 5071 5072 
1766: 1884 2646 2647 
1767: 1884 2224 
1768: 2000 4496 5649 
1769: 1972 4604 
1770: 1902 4697 
1771: 2054 5502 5504 5693 5717 
1772: 2073 
1773: 2103 2223 
1774: 2019 5427 
1775: 1973 3496 
1776: 2054 4408 4409 5672 5715 
1777: 2072 
1778: 1986 2189 
1779: 1982 4536 
1780: 2025 4561 
1781: 1871 2458 2459 2460 
1782: 1889 3252 3285 
1783: 2024 2159 2160 2665 
1784: 1972 
1785: 2024 3607 3611 3692 3693 
1786: 2054 
1787: 2114 4107 4108 4109 
1788: 1889 
1789: 2075 5012 5134 
1790: 2033 3746 4614 5020 5021 5290 
1791: 2024 2514 
1792: 2024 4120 
1793: 2103 3754 
1794: 2103 5300 
1795: 1984 5095 
1796: 2019 3842 4710 5664 
1797: 1975 2329 
1798: 1975 2713 
1799: 1980 
1800: 1973 2710 2711 
1801: 1973 4609 4610 4611 
1802: 2084 3837 
1803: 2084 3843 
1804: 2113 4644 
1805: 1884 3354 4445 4446 4681 
1806: 1956 4124 
1807: 2024 4998 
1808: 1972 2376 2377 4822 4823 4824 4829 4830 4854 4855 4856 5322 
1809: 1963 3694 
1810: 2017 2461 
1811: 2054 2187 2188 
1812: 2011 3841 
1813: 2027 3514 3515 3516 3517 3600 3601 
1814: 2027 
1815: 1904 3707 
1816: 2113 3390 3391 3392 
1817: 1975 3845 
1818: 2068 4306 4307 4308 4309 4310 5696 
1819: 2024 2514 
1820: 1934 3986 3987 
1821: 2024 3617 
1822: 1884 3612 3613 3614 3710 3711 3712 3713 
1823: 1890 3752 
1824: 2103 
1825: 1904 3620 
1826: 2038 3615 3616 3618 3619 
1827: 1869 4717 4718 
1828: 2057 2698 
1829: 1884 4500 
1830: 1964 3896 5517 
1831: 2032 2699 
1832: 2088 4657 5685 
1833: 2057 4594 5472 
1834: 2117 2331 2332 2333 3753 
1835: 1963 2700 5470 5500 5618 
1836: 1997 5351 
1837: 2054 5293 5294 5295 5296 
1838: 1889 
1839: 2019 4452 4645 4646 
1840: 2003 4358 4456 5531 5580 5659 5708 
1841: 2003 2655 2656 5249 
1842: 1883 
1843: 2073 3790 5651 
1844: 1959 
1845: 1963 4669 4670 
1846: 2003 
1847: 1904 
1848: 2103 
1849: 2113 5509 
1850: 2071 4915 5589 
1851: 2003 4716 
1852: 1994 5254 
1853: 2057 
1854: 1124 
1855: 1302 
1856: 1639 
1857: 375 
1858: 372 390 
1859: 61 64 171 1635 
1860: 202 278 431 1638 
1861: 115 116 149 158 160 163 165 166 167 169 177 179 184 185 187 208 214 380 382 420 421 429 433 441 1556 1652 1683 1684 1688 1689 
1862: 1601 
1863: 253 351 1654 1655 1675 
1864: 1614 
1865: 1682 
1866: 59 
1867: 1547 
1868: 770 899 955 
1869: 823 1827 
1870: 205 
1871: 264 280 635 709 751 767 789 838 906 908 953 975 1118 1131 1196 1197 1471 1726 1757 1781 
1872: 235 271 
1873: 344 346 468 501 1282 
1874: 239 
1875: 86 1058 
1876: 503 
1877: 259 1224 
1878: 279 343 
1879: 191 
1880: 277 
1881: 318 
1882: 331 448 811 819 853 1279 1678 
1883: 3 74 119 180 181 197 220 232 249 272 288 290 304 308 319 325 369 502 506 520 539 540 545 554 585 605 766 883 920 933 952 982 1002 1003 1008 1102 1103 1111 1188 1555 1572 1578 1585 1594 1596 1607 1627 1661 1666 1668 1842 
1884: 144 164 199 224 265 266 339 457 459 461 465 473 475 476 483 485 494 513 531 532 549 564 570 628 647 660 673 674 676 685 686 695 697 698 704 706 730 738 760 773 774 775 776 777 781 786 805 827 840 871 875 879 880 900 942 943 947 970 993 1017 1041 1048 1049 1050 1065 1072 1080 1081 1082 1112 1113 1161 1213 1220 1239 1300 1343 1359 1365 1394 1574 1665 1679 1691 1718 1725 1731 1754 1766 1767 1805 1822 1829 
1885: 193 194 195 216 470 
1886: 65 467 
1887: 206 223 244 247 250 251 284 474 481 497 498 515 521 534 537 692 723 726 727 728 737 742 916 959 1490 1693 1699 
1888: 212 252 261 274 312 332 367 1640 1641 1647 
1889: 196 201 262 267 276 285 297 354 359 360 391 434 484 495 527 548 571 758 782 848 856 1132 1381 1739 1782 1788 1838 
1890: 1028 1101 1379 1383 1384 1455 1456 1823 
1891: 307 333 349 363 1650 
1892: 270 322 
1893: 572 580 593 601 602 
1894: 620 624 634 1143 1211 1710 
1895: 1636 
1896: 73 
1897: 1656 
1898: 336 371 
1899: 257 287 410 443 538 
1900: 60 385 1734 1762 
1901: 263 
1902: 362 366 667 668 670 790 797 831 924 938 1674 1770 
1903: 204 350 1702 
1904: 0 1 2 8 23 25 121 138 139 150 162 186 198 210 217 218 231 258 295 299 309 310 365 373 374 376 386 389 393 394 395 396 400 401 404 405 408 409 412 414 416 419 422 424 426 427 428 436 437 438 439 442 445 449 451 453 458 478 489 490 491 508 573 699 713 715 756 801 809 825 842 849 851 854 858 874 885 886 905 907 911 921 963 964 965 966 980 996 1000 1023 1044 1047 1066 1106 1126 1199 1245 1257 1283 1297 1299 1313 1321 1325 1347 1430 1473 1560 1643 1653 1660 1685 1686 1687 1690 1692 1709 1815 1825 1847 
1905: 123 
1906: 1676 
1907: 190 
1908: 215 
1909: 464 1704 1746 
1910: 1672 
1911: 26 29 
1912: 170 174 175 188 281 282 294 423 1249 
1913: 145 
1914: 818 829 
1915: 273 313 
1916: 469 780 866 1117 
1917: 529 
1918: 361 
1919: 229 234 254 
1920: 228 303 315 440 951 1512 
1921: 213 296 306 968 1013 1178 1192 1446 1447 1642 1651 
1922: 1605 
1923: 200 
1924: 209 233 240 242 243 245 300 301 320 321 327 337 383 397 480 519 546 555 707 783 820 830 870 877 894 929 974 976 991 1091 1100 1156 1176 1506 1695 1696 1703 1707 
1925: 466 
1926: 652 1586 
1927: 536 
1928: 183 207 472 
1929: 488 557 850 1077 
1930: 604 615 752 887 917 1167 
1931: 525 
1932: 260 311 378 664 691 867 1435 1711 1722 
1933: 69 499 648 659 663 720 721 910 944 1146 1147 1187 1207 1697 1759 
1934: 753 876 1374 1440 1820 
1935: 275 
1936: 430 
1937: 100 1561 
1938: 368 590 
1939: 340 
1940: 269 
1941: 72 
1942: 402 
1943: 1024 
1944: 486 
1945: 550 
1946: 211 1314 
1947: 638 794 
1948: 1159 
1949: 407 
1950: 688 694 967 
1951: 178 447 509 526 544 561 565 609 1015 1415 1454 1700 
1952: 314 323 1673 
1953: 1706 
1954: 411 535 
1955: 222 324 530 1203 1358 
1956: 1806 
1957: 528 665 912 1079 1127 1177 1231 1241 1342 1464 1516 
1958: 600 
1959: 507 895 896 987 1151 1160 1280 1323 1529 1677 1720 1844 
1960: 326 
1961: 398 
1962: 680 733 795 860 890 931 957 1007 
1963: 42 75 226 505 581 616 619 650 677 701 705 711 755 872 1098 1243 1266 1268 1272 1406 1433 1505 1541 1543 1544 1545 1576 1624 1681 1715 1724 1752 1753 1809 1835 1845 
1964: 358 669 787 803 928 932 940 981 1174 1277 1330 1376 1407 1412 1830 
1965: 599 
1966: 384 
1967: 463 
1968: 1658 
1969: 338 
1970: 236 241 584 645 1259 
1971: 462 522 523 533 898 936 
1972: 6 9 43 45 63 101 102 131 143 157 292 329 514 574 596 693 1029 1107 1116 1168 1326 1602 1617 1618 1769 1784 1808 
1973: 30 83 450 460 487 559 576 577 588 644 661 678 687 700 748 749 779 791 800 813 862 869 888 889 934 935 960 961 973 1057 1075 1110 1201 1209 1250 1251 1253 1255 1256 1349 1364 1399 1422 1426 1458 1459 1487 1511 1526 1552 1743 1775 1800 1801 
1974: 317 
1975: 44 49 62 87 125 127 154 516 606 1037 1038 1138 1179 1210 1289 1309 1481 1667 1797 1798 1817 
1976: 666 717 734 865 971 1115 1135 1371 1644 
1977: 504 1698 
1978: 155 937 1085 
1979: 1019 
1980: 1799 
1981: 972 
1982: 612 725 998 1027 1034 1303 1387 1396 1563 1637 1645 1779 
1983: 788 
1984: 104 639 642 845 930 1006 1123 1164 1229 1258 1363 1432 1542 1546 1595 1795 
1985: 82 997 1070 1109 1122 1183 1184 1373 1615 1622 1670 1671 
1986: 1170 1236 1242 1291 1324 1382 1400 1466 1483 1498 1745 1778 
1987: 88 256 1136 
1988: 653 
1989: 425 
1990: 1587 
1991: 456 
1992: 556 
1993: 238 
1994: 90 511 558 568 597 610 649 719 736 941 948 978 986 990 1004 1039 1063 1182 1206 1219 1265 1307 1328 1332 1340 1362 1465 1513 1553 1562 1588 1705 1719 1732 1852 
1995: 432 493 696 744 839 1190 1648 
1996: 909 
1997: 341 355 357 364 477 479 500 524 689 712 746 765 815 817 821 857 927 992 1030 1031 1296 1315 1761 1836 
1998: 1069 
1999: 246 
2000: 1768 
2001: 919 
2002: 629 1009 
2003: 34 53 110 607 622 637 724 778 846 893 1055 1139 1145 1149 1479 1494 1508 1527 1573 1575 1581 1583 1598 1623 1626 1634 1740 1840 1841 1846 1851 
2004: 22 39 77 109 114 117 142 646 1215 1230 1298 1580 1662 1663 1680 
2005: 1631 
2006: 418 
2007: 682 
2008: 41 763 903 1064 1717 1729 
2009: 446 
2010: 283 
2011: 833 1267 1339 1393 1646 1736 1812 
2012: 710 
2013: 656 658 729 1062 1129 1148 1254 1271 1341 1388 1421 1428 1749 
2014: 582 603 731 740 754 915 
2015: 1401 
2016: 38 
2017: 651 681 703 798 1810 
2018: 792 914 
2019: 13 46 47 85 96 99 108 113 153 575 598 683 684 716 718 732 750 771 796 802 814 822 836 859 891 892 897 913 950 969 977 979 983 1005 1010 1020 1052 1120 1121 1133 1212 1232 1238 1264 1290 1329 1378 1449 1450 1467 1468 1495 1515 1604 1714 1730 1737 1774 1796 1839 
2020: 784 
2021: 1390 1517 
2022: 1482 
2023: 832 
2024: 37 51 67 146 147 176 221 230 248 255 286 452 482 517 563 566 586 589 594 595 608 614 621 626 633 640 643 722 739 741 762 764 768 769 799 807 808 841 847 861 868 922 939 945 946 956 985 1032 1035 1036 1084 1092 1104 1134 1172 1193 1252 1275 1276 1293 1295 1351 1392 1404 1437 1477 1488 1499 1504 1518 1519 1522 1536 1548 1549 1567 1619 1620 1659 1758 1763 1783 1785 1791 1792 1807 1819 1821 
2025: 636 743 837 949 1033 1582 1584 1664 1716 1780 
2026: 7 690 1094 1331 1491 1535 1571 
2027: 543 552 672 999 1053 1130 1137 1226 1270 1292 1310 1322 1420 1429 1474 1489 1501 1507 1593 1599 1813 1814 
2028: 901 
2029: 237 
2030: 1114 1452 1524 
2031: 1701 
2032: 289 353 356 454 671 708 843 882 989 995 1014 1018 1021 1022 1043 1046 1067 1093 1099 1152 1153 1154 1171 1186 1198 1246 1261 1274 1305 1350 1355 1357 1361 1368 1369 1380 1385 1386 1414 1416 1427 1439 1448 1470 1497 1503 1528 1550 1649 1712 1721 1831 
2033: 547 562 567 569 578 625 632 641 1016 1074 1240 1354 1389 1493 1790 
2034: 293 345 
2035: 735 
2036: 128 679 812 988 1408 1625 1628 
2037: 5 35 76 81 141 611 654 1191 1418 1438 1441 1442 1520 1610 1733 1755 1760 1765 
2038: 618 826 873 878 958 984 1090 1318 1826 
2039: 560 591 657 881 
2040: 1317 1531 1532 1540 
2041: 352 
2042: 631 
2043: 714 
2044: 16 103 129 
2045: 57 1304 
2046: 1095 
2047: 455 
2048: 904 
2049: 1269 
2050: 21 50 52 54 55 68 79 80 105 
2051: 291 
2052: 613 617 1411 
2053: 1060 1155 1204 1205 1554 
2054: 747 816 925 1056 1061 1086 1087 1088 1089 1294 1316 1334 1405 1413 1496 1500 1533 1557 1771 1776 1786 1811 1837 
2055: 884 1040 1054 1144 1278 1285 1336 1431 
2056: 27 1537 1621 
2057: 835 852 1012 1097 1119 1128 1142 1169 1189 1233 1247 1248 1263 1286 1301 1308 1311 1335 1372 1434 1478 1502 1539 1741 1742 1744 1828 1833 1853 
2058: 675 1591 1756 
2059: 31 
2060: 1162 
2061: 1345 1356 
2062: 926 
2063: 1071 1140 1141 1262 1375 1443 1486 1551 1735 
2064: 1395 
2065: 381 
2066: 1333 
2067: 923 1001 1059 1352 1403 
2068: 10 11 15 18 19 20 36 40 48 70 71 84 91 92 93 94 95 97 106 107 111 112 118 122 126 130 133 134 151 152 587 1078 1214 1217 1218 1222 1223 1225 1306 1312 1353 1366 1367 1402 1463 1608 1609 1611 1612 1818 
2069: 14 1606 
2070: 1445 
2071: 627 863 864 1076 1338 1436 1564 1565 1566 1629 1738 1850 
2072: 1158 1181 1200 1273 1287 1288 1344 1777 
2073: 806 1319 1327 1346 1398 1409 1410 1417 1423 1453 1514 1772 1843 
2074: 844 
2075: 1360 1484 1521 1577 1789 
2076: 298 
2077: 1202 1281 
2078: 1237 
2079: 137 140 148 161 579 592 1630 
2080: 1397 
2081: 834 1444 1570 1600 1669 1764 
2082: 203 
2083: 1462 1751 
2084: 4 12 17 28 89 98 132 135 136 156 1234 1235 1425 1460 1461 1475 1476 1480 1613 1802 1803 
2085: 172 316 1603 
2086: 1208 
2087: 1370 1377 
2088: 1832 
2089: 1175 
2090: 623 662 785 1042 1216 1260 1713 
2091: 1337 
2092: 66 189 
2093: 58 
2094: 78 
2095: 56 159 
2096: 305 
2097: 1026 
2098: 33 124 302 328 330 334 347 348 370 377 379 387 392 399 403 406 413 415 471 512 518 542 1657 
2099: 1525 
2100: 417 
2101: 168 
2102: 192 
2103: 219 227 496 541 551 553 583 702 745 804 810 824 918 1045 1165 1166 1180 1228 1391 1472 1534 1558 1559 1589 1590 1592 1633 1694 1708 1728 1773 1793 1794 1824 1848 
2104: 182 
2105: 120 173 492 1747 
2106: 335 342 
2107: 268 
2108: 444 
2109: 510 
2110: 435 757 759 1108 
2111: 32 
2112: 388 
2113: 655 761 828 855 902 954 962 994 1011 1025 1051 1068 1073 1096 1105 1125 1150 1157 1163 1173 1185 1194 1195 1221 1227 1244 1284 1320 1348 1419 1451 1457 1485 1492 1530 1538 1568 1569 1616 1632 1723 1727 1748 1750 1804 1816 1849 
2114: 1787 
2115: 630 772 793 1579 1597 
2116: 1469 
2117: 1083 1424 1510 1523 1834 
2118: 1509 
2119: 225 
2120: 24 
2121: 557 
2122: 1609 
2123: 15 48 
2124: 48 107 
2125: 15 107 
2126: 424 
2127: 454 
2128: 454 
2129: 40 
2130: 39 
2131: 39 
2132: 35 
2133: 35 
2134: 28 
2135: 28 
2136: 36 151 
2137: 152 
2138: 152 
2139: 18 
2140: 18 19 
2141: 18 19 
2142: 18 
2143: 22 
2144: 22 
2145: 13 46 47 153 1604 
2146: 151 
2147: 13 46 47 153 1604 
2148: 373 
2149: 373 
2150: 106 
2151: 106 
2152: 3 1607 
2153: 3 1607 
2154: 751 
2155: 751 
2156: 724 
2157: 927 
2158: 922 
2159: 922 1783 
2160: 922 1783 
2161: 818 
2162: 818 
2163: 818 
2164: 818 
2165: 4 12 17 156 
2166: 4 12 17 156 
2167: 10 
2168: 10 1608 
2169: 16 
2170: 1608 
2171: 741 
2172: 741 
2173: 1058 
2174: 1110 
2175: 1110 
2176: 1110 
2177: 1110 
2178: 970 
2179: 1110 
2180: 724 
2181: 713 
2182: 884 
2183: 635 
2184: 635 1131 
2185: 1236 
2186: 1236 
2187: 1811 
2188: 1811 
2189: 1778 
2190: 1740 
2191: 493 
2192: 493 
2193: 493 
2194: 493 
2195: 1074 
2196: 1074 
2197: 1074 
2198: 1113 
2199: 745 1728 
2200: 472 
2201: 472 
2202: 472 
2203: 472 
2204: 510 
2205: 1333 
2206: 1333 
2207: 210 
2208: 210 
2209: 210 
2210: 210 
2211: 1130 
2212: 1130 
2213: 1130 
2214: 1130 
2215: 314 
2216: 740 
2217: 740 
2218: 1322 
2219: 846 
2220: 497 498 916 
2221: 498 916 
2222: 916 
2223: 1773 
2224: 674 871 1767 
2225: 1696 
2226: 1696 
2227: 1696 
2228: 199 777 1725 
2229: 777 
2230: 777 
2231: 199 777 1725 
2232: 505 
2233: 505 
2234: 505 
2235: 942 
2236: 942 
2237: 942 
2238: 942 
2239: 677 
2240: 677 
2241: 677 
2242: 677 
2243: 1256 
2244: 753 
2245: 753 
2246: 753 
2247: 460 1426 
2248: 193 
2249: 193 
2250: 193 
2251: 193 
2252: 515 
2253: 533 
2254: 1519 
2255: 1519 
2256: 1519 
2257: 1153 
2258: 1153 
2259: 1651 
2260: 296 306 1651 
2261: 533 
2262: 532 
2263: 532 
2264: 916 
2265: 456 
2266: 456 
2267: 456 
2268: 456 
2269: 108 
2270: 108 
2271: 109 
2272: 109 
2273: 36 
2274: 16 
2275: 1172 
2276: 1172 
2277: 1172 
2278: 529 
2279: 529 
2280: 529 
2281: 322 
2282: 322 
2283: 322 
2284: 322 
2285: 1170 
2286: 1349 
2287: 1349 
2288: 1214 1402 
2289: 320 
2290: 320 
2291: 320 
2292: 320 
2293: 320 
2294: 320 
2295: 320 
2296: 320 
2297: 222 
2298: 222 
2299: 222 
2300: 222 
2301: 222 
2302: 222 
2303: 195 
2304: 195 
2305: 195 
2306: 195 
2307: 222 
2308: 1470 
2309: 1317 
2310: 975 
2311: 520 
2312: 520 
2313: 520 
2314: 1393 
2315: 1393 
2316: 1379 1456 
2317: 923 
2318: 941 
2319: 208 
2320: 208 
2321: 208 
2322: 208 
2323: 1510 
2324: 1510 
2325: 1510 
2326: 1510 
2327: 1510 
2328: 1330 
2329: 1797 
2330: 1338 1566 
2331: 1424 1523 1834 
2332: 1424 1523 1834 
2333: 1424 1834 
2334: 1424 
2335: 1451 
2336: 1451 
2337: 187 
2338: 187 
2339: 187 
2340: 187 
2341: 995 
2342: 1530 
2343: 231 
2344: 231 
2345: 231 
2346: 231 
2347: 1550 
2348: 884 
2349: 884 
2350: 884 
2351: 1553 
2352: 809 
2353: 688 
2354: 683 
2355: 683 
2356: 222 
2357: 222 
2358: 222 
2359: 222 
2360: 222 
2361: 222 
2362: 11 
2363: 11 
2364: 20 
2365: 20 
2366: 154 
2367: 653 
2368: 257 
2369: 257 
2370: 257 
2371: 1636 
2372: 344 346 
2373: 344 346 
2374: 154 
2375: 157 
2376: 6 45 157 1808 
2377: 6 45 1808 
2378: 363 
2379: 363 
2380: 369 
2381: 369 
2382: 369 
2383: 369 
2384: 385 
2385: 23 
2386: 23 
2387: 23 
2388: 23 
2389: 23 1283 
2390: 1648 
2391: 1648 
2392: 1648 
2393: 1648 
2394: 408 
2395: 408 
2396: 408 
2397: 408 
2398: 403 
2399: 403 
2400: 403 
2401: 403 
2402: 403 
2403: 403 
2404: 403 
2405: 403 
2406: 403 
2407: 403 
2408: 441 
2409: 441 
2410: 441 
2411: 441 
2412: 389 
2413: 379 
2414: 379 
2415: 379 
2416: 379 
2417: 1657 
2418: 1657 
2419: 1133 
2420: 1227 
2421: 1227 
2422: 1227 
2423: 1227 
2424: 1503 
2425: 1122 
2426: 335 
2427: 335 
2428: 1137 
2429: 1137 
2430: 1137 
2431: 1743 
2432: 1743 
2433: 1073 1750 
2434: 1104 
2435: 1104 
2436: 1104 
2437: 1271 
2438: 1271 
2439: 1339 
2440: 1501 
2441: 1407 
2442: 1516 
2443: 1516 
2444: 1363 
2445: 279 
2446: 279 
2447: 279 
2448: 279 
2449: 726 
2450: 726 
2451: 726 
2452: 678 
2453: 708 
2454: 310 
2455: 310 
2456: 310 
2457: 310 
2458: 1781 
2459: 1781 
2460: 1781 
2461: 1810 
2462: 275 
2463: 275 
2464: 275 
2465: 274 
2466: 274 
2467: 274 
2468: 274 
2469: 487 
2470: 667 
2471: 667 
2472: 725 
2473: 790 
2474: 790 
2475: 725 
2476: 976 
2477: 976 
2478: 976 
2479: 976 
2480: 976 
2481: 233 
2482: 233 
2483: 233 
2484: 233 
2485: 233 
2486: 233 
2487: 246 
2488: 246 
2489: 246 
2490: 761 
2491: 246 
2492: 285 
2493: 285 
2494: 285 
2495: 502 
2496: 743 
2497: 743 
2498: 743 
2499: 743 
2500: 479 
2501: 479 
2502: 270 
2503: 270 
2504: 270 
2505: 270 
2506: 269 
2507: 269 
2508: 269 
2509: 269 
2510: 524 
2511: 269 
2512: 269 
2513: 269 
2514: 1791 1819 
2515: 1642 
2516: 1642 
2517: 1642 
2518: 1690 
2519: 932 
2520: 932 
2521: 932 
2522: 932 
2523: 932 
2524: 932 
2525: 1693 
2526: 889 
2527: 889 
2528: 291 
2529: 291 
2530: 291 
2531: 291 
2532: 889 
2533: 881 
2534: 881 
2535: 881 
2536: 881 
2537: 913 
2538: 1642 
2539: 1717 
2540: 1717 
2541: 1717 
2542: 1718 
2543: 1718 
2544: 1718 
2545: 1718 
2546: 1718 
2547: 1719 
2548: 1719 
2549: 1118 1726 
2550: 1118 1726 
2551: 1726 
2552: 1118 1726 
2553: 736 
2554: 1056 
2555: 1056 
2556: 725 
2557: 847 
2558: 847 
2559: 847 
2560: 847 
2561: 1703 
2562: 1703 
2563: 1703 
2564: 874 1000 
2565: 874 
2566: 720 
2567: 720 
2568: 720 
2569: 720 
2570: 292 514 
2571: 292 514 
2572: 292 514 
2573: 292 514 
2574: 292 514 
2575: 292 514 
2576: 292 514 
2577: 292 514 
2578: 292 514 
2579: 292 
2580: 292 514 
2581: 673 
2582: 706 
2583: 706 
2584: 706 
2585: 706 
2586: 905 
2587: 905 
2588: 905 
2589: 905 
2590: 531 
2591: 531 
2592: 528 
2593: 528 
2594: 659 
2595: 988 
2596: 812 
2597: 928 
2598: 928 
2599: 928 
2600: 928 
2601: 928 
2602: 928 
2603: 928 
2604: 928 
2605: 928 
2606: 928 
2607: 928 
2608: 928 
2609: 928 
2610: 928 
2611: 928 
2612: 928 
2613: 928 
2614: 928 
2615: 928 
2616: 928 
2617: 1008 
2618: 1086 
2619: 1301 
2620: 213 
2621: 213 
2622: 213 
2623: 213 
2624: 213 
2625: 1293 1522 
2626: 213 1192 
2627: 213 
2628: 213 
2629: 213 
2630: 213 
2631: 213 
2632: 260 
2633: 260 
2634: 260 
2635: 292 514 
2636: 292 514 
2637: 260 
2638: 260 
2639: 260 
2640: 260 
2641: 260 
2642: 260 
2643: 260 
2644: 260 
2645: 1131 1757 
2646: 1766 
2647: 1766 
2648: 260 
2649: 260 
2650: 260 
2651: 1295 
2652: 1295 
2653: 1295 
2654: 75 
2655: 1149 1841 
2656: 1149 1841 
2657: 362 366 
2658: 362 366 
2659: 362 366 
2660: 359 
2661: 359 
2662: 359 
2663: 359 
2664: 359 
2665: 1783 
2666: 362 
2667: 273 
2668: 273 
2669: 273 
2670: 273 
2671: 1429 
2672: 1429 
2673: 362 
2674: 362 
2675: 213 
2676: 1084 
2677: 584 
2678: 584 
2679: 584 
2680: 584 
2681: 820 
2682: 820 
2683: 820 
2684: 820 
2685: 792 
2686: 810 
2687: 810 
2688: 1444 
2689: 376 
2690: 376 
2691: 376 
2692: 1008 
2693: 1008 
2694: 1008 
2695: 1008 
2696: 1009 
2697: 1009 
2698: 1828 
2699: 1831 
2700: 1835 
2701: 1660 
2702: 241 
2703: 1137 
2704: 145 
2705: 145 
2706: 145 
2707: 376 
2708: 376 
2709: 1374 
2710: 1364 1800 
2711: 1364 1800 
2712: 1364 
2713: 1481 1798 
2714: 228 
2715: 228 
2716: 1505 
2717: 1505 
2718: 1505 
2719: 1505 
2720: 1505 
2721: 423 
2722: 51 
2723: 51 
2724: 51 
2725: 51 
2726: 649 
2727: 228 
2728: 181 
2729: 181 
2730: 181 
2731: 181 
2732: 1653 
2733: 1653 
2734: 1653 
2735: 1653 
2736: 1654 
2737: 1654 
2738: 1654 
2739: 1654 
2740: 1654 
2741: 1654 
2742: 158 169 
2743: 158 
2744: 158 
2745: 158 
2746: 158 
2747: 168 
2748: 168 
2749: 168 
2750: 168 
2751: 168 
2752: 168 
2753: 1596 
2754: 1596 
2755: 1596 
2756: 1596 
2757: 1596 
2758: 539 
2759: 539 
2760: 539 
2761: 539 
2762: 539 
2763: 539 
2764: 539 
2765: 539 
2766: 539 
2767: 539 
2768: 539 
2769: 539 
2770: 539 
2771: 539 
2772: 539 
2773: 539 
2774: 539 
2775: 539 
2776: 539 
2777: 539 
2778: 1578 
2779: 1578 
2780: 1578 
2781: 1589 
2782: 1589 1592 
2783: 429 
2784: 429 
2785: 429 
2786: 429 
2787: 1685 
2788: 392 
2789: 392 
2790: 392 
2791: 392 
2792: 392 
2793: 392 
2794: 392 
2795: 392 
2796: 392 
2797: 392 
2798: 139 
2799: 342 
2800: 342 
2801: 138 
2802: 162 
2803: 162 
2804: 514 
2805: 903 
2806: 903 
2807: 348 
2808: 348 
2809: 903 
2810: 399 
2811: 399 
2812: 399 
2813: 377 
2814: 377 
2815: 377 
2816: 377 
2817: 372 
2818: 372 
2819: 399 
2820: 399 
2821: 396 
2822: 396 
2823: 372 
2824: 372 
2825: 372 
2826: 372 
2827: 372 
2828: 372 
2829: 372 
2830: 372 
2831: 390 
2832: 390 
2833: 390 
2834: 390 
2835: 390 
2836: 390 
2837: 390 
2838: 390 
2839: 390 
2840: 390 
2841: 406 
2842: 406 
2843: 406 
2844: 406 
2845: 406 
2846: 406 
2847: 406 
2848: 406 
2849: 406 
2850: 406 
2851: 436 
2852: 436 
2853: 436 
2854: 436 
2855: 394 
2856: 394 
2857: 394 
2858: 394 
2859: 1688 
2860: 1688 
2861: 405 
2862: 405 
2863: 405 
2864: 405 
2865: 405 
2866: 405 
2867: 413 
2868: 413 
2869: 413 
2870: 413 
2871: 413 
2872: 413 
2873: 413 
2874: 413 
2875: 413 
2876: 413 
2877: 416 
2878: 416 
2879: 416 
2880: 416 
2881: 1688 
2882: 1688 
2883: 412 
2884: 412 
2885: 412 
2886: 412 
2887: 426 
2888: 426 
2889: 426 
2890: 426 
2891: 422 
2892: 428 
2893: 427 
2894: 470 
2895: 1683 
2896: 1683 
2897: 1683 
2898: 1683 
2899: 470 
2900: 470 
2901: 470 
2902: 1 
2903: 25 
2904: 25 
2905: 1760 
2906: 1680 
2907: 43 514 
2908: 43 514 
2909: 0 
2910: 1609 
2911: 543 
2912: 543 
2913: 543 
2914: 543 
2915: 543 
2916: 543 
2917: 543 
2918: 543 
2919: 543 
2920: 543 
2921: 543 
2922: 543 
2923: 543 
2924: 543 
2925: 543 
2926: 543 
2927: 543 
2928: 543 
2929: 543 
2930: 543 
2931: 1708 
2932: 1708 
2933: 1708 
2934: 1708 
2935: 1708 
2936: 1708 
2937: 1708 
2938: 1708 
2939: 1708 
2940: 1708 
2941: 1708 
2942: 1708 
2943: 1708 
2944: 1412 
2945: 1412 
2946: 619 
2947: 1662 
2948: 1662 
2949: 1671 
2950: 664 
2951: 1760 
2952: 58 
2953: 58 
2954: 58 
2955: 58 
2956: 67 
2957: 67 
2958: 67 
2959: 1760 
2960: 59 
2961: 59 
2962: 59 
2963: 57 
2964: 57 
2965: 86 
2966: 86 
2967: 86 
2968: 86 
2969: 86 
2970: 86 
2971: 176 
2972: 176 
2973: 176 
2974: 176 
2975: 176 
2976: 177 
2977: 177 
2978: 177 
2979: 177 
2980: 167 
2981: 149 
2982: 149 
2983: 149 
2984: 160 
2985: 160 
2986: 160 
2987: 185 
2988: 185 
2989: 185 
2990: 186 
2991: 186 
2992: 186 
2993: 186 
2994: 160 
2995: 160 
2996: 160 
2997: 149 
2998: 149 
2999: 149 
3000: 149 
3001: 149 
3002: 149 
3003: 149 
3004: 197 
3005: 197 
3006: 166 
3007: 166 
3008: 197 
3009: 197 
3010: 197 
3011: 197 
3012: 166 
3013: 166 
3014: 182 
3015: 182 
3016: 182 
3017: 182 
3018: 170 
3019: 170 
3020: 170 
3021: 170 
3022: 170 
3023: 190 
3024: 200 
3025: 1672 
3026: 1672 
3027: 190 
3028: 190 
3029: 190 
3030: 190 
3031: 230 
3032: 230 
3033: 230 
3034: 199 
3035: 199 
3036: 199 
3037: 199 
3038: 1676 
3039: 1676 
3040: 1676 
3041: 1676 
3042: 178 
3043: 178 
3044: 178 
3045: 178 
3046: 230 
3047: 277 
3048: 175 
3049: 294 
3050: 294 
3051: 294 
3052: 294 
3053: 164 
3054: 164 
3055: 164 
3056: 164 
3057: 164 
3058: 164 
3059: 164 
3060: 211 
3061: 211 
3062: 211 
3063: 211 
3064: 211 1314 
3065: 212 
3066: 180 
3067: 180 
3068: 180 
3069: 180 
3070: 256 
3071: 256 
3072: 339 
3073: 324 
3074: 301 383 783 
3075: 301 
3076: 301 
3077: 301 
3078: 301 
3079: 301 321 383 783 
3080: 301 321 383 783 
3081: 207 
3082: 324 
3083: 324 
3084: 324 
3085: 324 
3086: 324 
3087: 248 
3088: 248 
3089: 248 
3090: 248 
3091: 248 
3092: 248 
3093: 248 
3094: 248 
3095: 271 
3096: 271 
3097: 271 
3098: 903 
3099: 332 
3100: 217 
3101: 217 
3102: 217 
3103: 217 
3104: 259 
3105: 340 
3106: 307 333 349 1650 
3107: 307 333 349 1650 
3108: 307 333 349 1650 
3109: 307 333 349 1650 
3110: 272 
3111: 272 308 
3112: 272 308 
3113: 272 
3114: 272 
3115: 265 
3116: 265 
3117: 265 
3118: 265 
3119: 265 
3120: 265 
3121: 265 
3122: 265 
3123: 265 
3124: 265 
3125: 265 
3126: 265 
3127: 265 
3128: 265 
3129: 265 
3130: 265 
3131: 265 
3132: 265 
3133: 265 
3134: 300 1091 
3135: 300 1091 
3136: 300 1091 
3137: 325 
3138: 325 
3139: 325 
3140: 325 
3141: 325 
3142: 325 
3143: 340 
3144: 340 
3145: 340 
3146: 340 
3147: 340 
3148: 340 
3149: 249 
3150: 245 
3151: 245 
3152: 245 
3153: 245 
3154: 245 
3155: 245 
3156: 245 
3157: 245 
3158: 296 306 
3159: 296 306 
3160: 296 306 
3161: 1647 
3162: 1647 
3163: 1647 
3164: 319 
3165: 319 
3166: 355 357 364 
3167: 265 
3168: 265 
3169: 265 
3170: 265 
3171: 265 
3172: 265 
3173: 265 
3174: 265 
3175: 265 
3176: 265 
3177: 265 
3178: 265 
3179: 265 
3180: 265 
3181: 845 
3182: 288 
3183: 358 
3184: 358 
3185: 358 
3186: 358 
3187: 358 
3188: 319 
3189: 319 
3190: 1647 
3191: 318 
3192: 318 
3193: 323 
3194: 245 
3195: 245 
3196: 290 
3197: 290 
3198: 290 
3199: 290 
3200: 464 
3201: 464 
3202: 350 
3203: 350 
3204: 350 
3205: 350 
3206: 350 
3207: 350 
3208: 350 
3209: 443 
3210: 443 
3211: 443 
3212: 312 
3213: 312 
3214: 312 
3215: 312 
3216: 469 
3217: 469 
3218: 469 
3219: 321 
3220: 321 
3221: 321 
3222: 321 
3223: 447 509 526 
3224: 443 
3225: 466 
3226: 466 
3227: 466 
3228: 466 
3229: 504 1698 
3230: 504 1698 
3231: 504 
3232: 1694 
3233: 1694 
3234: 341 
3235: 297 
3236: 297 
3237: 297 
3238: 297 
3239: 522 
3240: 463 
3241: 457 
3242: 457 
3243: 457 
3244: 457 
3245: 469 
3246: 749 
3247: 749 
3248: 1691 
3249: 1691 
3250: 1691 
3251: 1691 
3252: 758 1782 
3253: 899 
3254: 469 
3255: 478 
3256: 506 
3257: 506 
3258: 506 
3259: 506 
3260: 317 
3261: 317 
3262: 317 
3263: 317 
3264: 738 
3265: 738 
3266: 738 
3267: 738 
3268: 367 
3269: 367 
3270: 367 
3271: 367 
3272: 513 
3273: 462 
3274: 383 
3275: 383 
3276: 383 
3277: 383 
3278: 383 
3279: 383 
3280: 383 
3281: 383 
3282: 383 
3283: 383 
3284: 303 
3285: 1782 
3286: 1707 
3287: 1707 
3288: 1707 
3289: 1707 
3290: 1691 
3291: 1691 
3292: 869 
3293: 1691 
3294: 478 
3295: 478 
3296: 478 
3297: 694 
3298: 699 
3299: 699 756 1066 
3300: 699 
3301: 699 
3302: 731 
3303: 699 
3304: 773 
3305: 731 
3306: 731 
3307: 731 
3308: 733 
3309: 733 
3310: 684 814 950 
3311: 715 
3312: 715 
3313: 715 
3314: 715 
3315: 337 
3316: 337 
3317: 926 
3318: 861 
3319: 861 
3320: 485 
3321: 485 
3322: 485 
3323: 953 
3324: 953 
3325: 953 
3326: 953 
3327: 957 
3328: 957 
3329: 425 
3330: 425 
3331: 425 
3332: 388 
3333: 388 
3334: 425 
3335: 1081 
3336: 877 
3337: 877 
3338: 877 
3339: 877 
3340: 732 
3341: 716 859 983 
3342: 336 
3343: 336 
3344: 336 
3345: 336 
3346: 500 
3347: 710 
3348: 488 
3349: 488 
3350: 365 851 
3351: 851 
3352: 365 851 
3353: 1169 1263 
3354: 1805 
3355: 1173 
3356: 500 
3357: 500 
3358: 477 500 
3359: 527 
3360: 527 
3361: 527 
3362: 1702 
3363: 1702 
3364: 1702 
3365: 1702 
3366: 204 1702 
3367: 1706 
3368: 481 
3369: 1699 
3370: 1699 
3371: 1699 
3372: 1699 
3373: 843 
3374: 843 
3375: 843 
3376: 484 
3377: 484 
3378: 484 
3379: 1727 
3380: 750 
3381: 750 
3382: 418 
3383: 418 
3384: 1013 
3385: 680 
3386: 895 
3387: 895 
3388: 997 
3389: 935 
3390: 1816 
3391: 1816 
3392: 1816 
3393: 474 
3394: 474 
3395: 476 
3396: 1059 
3397: 430 
3398: 430 
3399: 430 
3400: 430 
3401: 517 
3402: 517 
3403: 517 
3404: 759 
3405: 759 
3406: 759 
3407: 759 
3408: 489 
3409: 1118 
3410: 1351 
3411: 1351 
3412: 511 
3413: 511 
3414: 511 
3415: 702 
3416: 702 
3417: 702 
3418: 702 
3419: 476 
3420: 476 
3421: 476 
3422: 476 
3423: 468 
3424: 468 
3425: 468 
3426: 781 
3427: 997 
3428: 997 
3429: 997 
3430: 438 445 
3431: 477 
3432: 477 
3433: 477 
3434: 778 
3435: 778 
3436: 778 
3437: 778 
3438: 778 
3439: 778 
3440: 778 
3441: 778 
3442: 778 
3443: 778 
3444: 797 
3445: 802 
3446: 771 802 
3447: 929 1156 1176 1506 
3448: 1150 
3449: 700 
3450: 701 
3451: 701 
3452: 701 
3453: 701 
3454: 727 
3455: 727 
3456: 727 
3457: 727 
3458: 432 
3459: 435 
3460: 886 
3461: 886 
3462: 886 
3463: 886 
3464: 933 
3465: 1761 
3466: 1761 
3467: 1761 
3468: 1761 
3469: 1001 
3470: 938 
3471: 831 
3472: 530 
3473: 794 
3474: 734 
3475: 1160 
3476: 1160 
3477: 1160 
3478: 1160 
3479: 1160 
3480: 1160 
3481: 1160 
3482: 564 
3483: 564 
3484: 445 
3485: 445 
3486: 445 
3487: 445 
3488: 495 
3489: 689 815 
3490: 689 815 
3491: 756 
3492: 756 
3493: 756 
3494: 756 
3495: 438 
3496: 1775 
3497: 564 
3498: 564 
3499: 579 
3500: 579 
3501: 579 
3502: 579 
3503: 934 
3504: 836 1005 
3505: 495 
3506: 891 892 
3507: 891 892 
3508: 891 892 
3509: 891 892 
3510: 891 892 
3511: 501 
3512: 986 990 
3513: 1057 
3514: 1813 
3515: 1813 
3516: 1813 
3517: 1813 
3518: 1725 
3519: 1090 
3520: 494 
3521: 494 
3522: 494 
3523: 494 
3524: 1017 
3525: 1017 
3526: 1024 
3527: 1024 
3528: 1024 
3529: 1024 
3530: 969 
3531: 969 
3532: 800 
3533: 800 
3534: 800 
3535: 1413 
3536: 991 
3537: 991 
3538: 991 
3539: 839 
3540: 839 
3541: 839 
3542: 839 
3543: 570 
3544: 648 
3545: 1014 
3546: 1014 
3547: 1014 
3548: 1018 
3549: 1018 
3550: 1018 
3551: 1018 
3552: 1088 
3553: 1088 
3554: 1194 
3555: 1186 
3556: 784 
3557: 784 
3558: 784 
3559: 784 
3560: 784 
3561: 762 
3562: 762 
3563: 835 852 
3564: 1321 
3565: 1321 
3566: 1321 
3567: 1321 
3568: 1157 
3569: 1012 
3570: 1012 
3571: 1012 
3572: 746 
3573: 842 
3574: 842 
3575: 842 
3576: 842 
3577: 919 
3578: 919 
3579: 944 
3580: 900 
3581: 978 1362 1465 
3582: 1465 
3583: 1465 
3584: 1362 1465 
3585: 1064 
3586: 1064 
3587: 1064 
3588: 1064 
3589: 709 1131 
3590: 1066 
3591: 438 
3592: 438 
3593: 438 
3594: 822 
3595: 651 
3596: 651 
3597: 651 
3598: 651 
3599: 796 
3600: 1813 
3601: 1292 1813 
3602: 1066 
3603: 786 805 
3604: 786 805 
3605: 1095 
3606: 1095 
3607: 1785 
3608: 592 
3609: 592 
3610: 592 
3611: 1785 
3612: 1822 
3613: 1822 
3614: 1822 
3615: 1826 
3616: 1826 
3617: 1821 
3618: 1826 
3619: 1826 
3620: 1825 
3621: 592 
3622: 758 
3623: 748 
3624: 789 
3625: 789 
3626: 789 
3627: 789 
3628: 789 
3629: 789 
3630: 789 
3631: 789 
3632: 652 
3633: 693 
3634: 693 
3635: 669 
3636: 1195 
3637: 1258 
3638: 1258 
3639: 1258 
3640: 1258 
3641: 1259 
3642: 1340 
3643: 1299 
3644: 1299 
3645: 1299 
3646: 1299 
3647: 1299 
3648: 739 
3649: 739 
3650: 739 
3651: 837 
3652: 837 
3653: 837 
3654: 837 
3655: 897 
3656: 796 
3657: 796 
3658: 721 
3659: 721 
3660: 721 
3661: 721 
3662: 1529 
3663: 780 
3664: 723 728 742 
3665: 723 728 742 
3666: 723 728 742 
3667: 1152 
3668: 844 
3669: 844 
3670: 844 
3671: 844 
3672: 1387 
3673: 1387 
3674: 921 
3675: 1066 
3676: 1066 
3677: 1186 
3678: 1186 
3679: 120 
3680: 120 
3681: 120 
3682: 120 
3683: 120 
3684: 1759 
3685: 1759 
3686: 1759 
3687: 1759 
3688: 1739 
3689: 1739 
3690: 1739 
3691: 1732 
3692: 1785 
3693: 1785 
3694: 1809 
3695: 1720 
3696: 1716 
3697: 1716 
3698: 813 
3699: 1746 
3700: 920 
3701: 1166 1472 
3702: 1435 
3703: 1435 
3704: 1435 
3705: 1435 
3706: 1323 
3707: 849 1325 1815 
3708: 1345 
3709: 1345 
3710: 1822 
3711: 1822 
3712: 1822 
3713: 1822 
3714: 757 
3715: 757 
3716: 757 
3717: 1522 
3718: 924 
3719: 1352 
3720: 1352 
3721: 1513 
3722: 1513 
3723: 1413 
3724: 1413 
3725: 1413 
3726: 1413 
3727: 1413 
3728: 1432 
3729: 1452 
3730: 1452 
3731: 1452 
3732: 1452 
3733: 1477 
3734: 1477 
3735: 1477 
3736: 1477 
3737: 1488 
3738: 873 878 
3739: 873 878 
3740: 873 878 
3741: 873 878 
3742: 873 878 
3743: 1397 
3744: 1044 
3745: 1228 
3746: 547 562 567 569 578 625 632 1016 1074 1354 1493 1790 
3747: 939 
3748: 939 
3749: 939 
3750: 1252 
3751: 1202 
3752: 1383 1823 
3753: 1523 1834 
3754: 1793 
3755: 1151 1280 
3756: 1151 1280 
3757: 999 
3758: 999 
3759: 999 
3760: 1209 
3761: 1209 
3762: 1248 1372 1478 1742 
3763: 1408 
3764: 1279 
3765: 1279 
3766: 1279 
3767: 1267 
3768: 1526 
3769: 1526 
3770: 1433 
3771: 1433 
3772: 1433 
3773: 1371 
3774: 1371 
3775: 1438 
3776: 1438 
3777: 1079 
3778: 1242 
3779: 1523 
3780: 948 
3781: 1356 
3782: 1357 
3783: 1546 
3784: 1549 
3785: 1310 
3786: 1310 
3787: 1489 
3788: 1489 
3789: 1489 
3790: 1843 
3791: 968 
3792: 1004 
3793: 1445 
3794: 1398 
3795: 1029 1326 
3796: 981 
3797: 1048 
3798: 1048 1082 
3799: 1048 1082 
3800: 1048 
3801: 1049 
3802: 1049 
3803: 1049 
3804: 1049 
3805: 1049 
3806: 1049 
3807: 1049 
3808: 1049 
3809: 1049 
3810: 1049 
3811: 1049 
3812: 1049 
3813: 1049 
3814: 1082 
3815: 1082 
3816: 1082 
3817: 1082 
3818: 1082 
3819: 1082 
3820: 1171 
3821: 1171 
3822: 1171 
3823: 1171 
3824: 981 
3825: 981 
3826: 981 
3827: 1180 
3828: 1448 
3829: 1485 
3830: 1485 
3831: 1482 
3832: 1431 
3833: 1221 
3834: 1498 
3835: 1498 
3836: 1399 
3837: 1425 1802 
3838: 1265 
3839: 1265 
3840: 1261 
3841: 1812 
3842: 1796 
3843: 1803 
3844: 1052 
3845: 1038 1817 
3846: 1037 1038 
3847: 1038 
3848: 1131 
3849: 1128 
3850: 1475 
3851: 1475 
3852: 1461 1476 
3853: 1480 
3854: 1218 1225 
3855: 1226 
3856: 1226 
3857: 1226 
3858: 1250 
3859: 687 1250 
3860: 1250 
3861: 1250 
3862: 1250 
3863: 1250 
3864: 1250 
3865: 1251 
3866: 1251 
3867: 1296 
3868: 1278 
3869: 1336 
3870: 215 
3871: 215 
3872: 215 
3873: 215 
3874: 215 
3875: 218 
3876: 1358 
3877: 1445 
3878: 252 
3879: 252 
3880: 252 
3881: 252 
3882: 1539 
3883: 1527 
3884: 1527 
3885: 1310 
3886: 1310 
3887: 1310 
3888: 1191 
3889: 1343 
3890: 1343 
3891: 1376 
3892: 1376 
3893: 1439 
3894: 218 
3895: 1446 
3896: 1830 
3897: 1314 
3898: 1314 
3899: 1314 
3900: 1314 
3901: 1482 
3902: 1161 
3903: 1161 
3904: 1037 
3905: 1292 
3906: 1037 
3907: 1037 
3908: 1285 
3909: 1458 
3910: 1458 
3911: 1460 
3912: 1463 
3913: 1498 
3914: 1498 
3915: 978 
3916: 1178 
3917: 1473 
3918: 1473 
3919: 807 
3920: 1114 
3921: 893 
3922: 893 
3923: 1419 
3924: 1419 
3925: 1427 
3926: 1427 
3927: 252 
3928: 1736 
3929: 1192 
3930: 1192 
3931: 1373 
3932: 1373 
3933: 1373 
3934: 1492 
3935: 1508 
3936: 1508 
3937: 499 
3938: 499 
3939: 499 
3940: 499 
3941: 1504 
3942: 1491 
3943: 1473 
3944: 1473 
3945: 1532 
3946: 1483 
3947: 521 
3948: 521 
3949: 521 
3950: 378 
3951: 378 
3952: 378 
3953: 378 
3954: 378 
3955: 378 
3956: 258 
3957: 258 
3958: 258 
3959: 258 
3960: 313 
3961: 313 
3962: 261 
3963: 261 
3964: 261 
3965: 261 
3966: 508 
3967: 508 
3968: 508 
3969: 508 
3970: 304 
3971: 304 
3972: 242 
3973: 1185 
3974: 299 
3975: 308 
3976: 308 
3977: 308 
3978: 308 
3979: 1384 
3980: 411 
3981: 411 
3982: 1697 
3983: 1705 
3984: 1705 
3985: 1378 
3986: 1820 
3987: 1820 
3988: 304 
3989: 514 
3990: 402 
3991: 769 
3992: 769 
3993: 850 
3994: 1092 
3995: 1129 
3996: 1129 
3997: 1198 
3998: 1129 
3999: 1112 
4000: 1112 
4001: 1112 
4002: 1112 
4003: 1487 
4004: 1535 
4005: 523 
4006: 523 
4007: 791 
4008: 791 
4009: 671 
4010: 597 
4011: 537 
4012: 549 
4013: 1450 
4014: 1003 
4015: 1705 
4016: 1705 
4017: 1270 
4018: 549 
4019: 1487 
4020: 1487 
4021: 918 
4022: 407 
4023: 407 
4024: 407 
4025: 480 
4026: 480 
4027: 480 
4028: 480 
4029: 480 
4030: 480 
4031: 850 
4032: 850 
4033: 850 
4034: 879 
4035: 707 
4036: 888 
4037: 482 
4038: 482 
4039: 482 
4040: 482 
4041: 482 
4042: 482 
4043: 482 
4044: 879 
4045: 879 
4046: 866 
4047: 961 
4048: 870 
4049: 870 
4050: 870 
4051: 870 
4052: 754 
4053: 1709 
4054: 497 
4055: 754 
4056: 754 
4057: 452 
4058: 483 
4059: 483 
4060: 483 
4061: 483 
4062: 752 
4063: 752 
4064: 834 
4065: 371 
4066: 645 
4067: 1621 
4068: 169 
4069: 169 
4070: 169 
4071: 169 
4072: 672 
4073: 672 
4074: 672 
4075: 672 
4076: 672 
4077: 760 
4078: 760 
4079: 798 
4080: 798 
4081: 735 
4082: 660 947 
4083: 660 
4084: 735 
4085: 830 
4086: 830 
4087: 830 
4088: 830 
4089: 830 
4090: 830 
4091: 830 
4092: 660 
4093: 1430 
4094: 393 
4095: 393 
4096: 393 
4097: 393 
4098: 421 
4099: 421 
4100: 421 
4101: 421 
4102: 1520 1755 
4103: 1755 
4104: 1755 
4105: 1755 
4106: 1755 
4107: 1787 
4108: 1787 
4109: 1787 
4110: 1520 
4111: 282 
4112: 282 
4113: 282 
4114: 282 
4115: 347 
4116: 347 
4117: 951 
4118: 309 
4119: 309 
4120: 1792 
4121: 1442 
4122: 1070 
4123: 1070 
4124: 1806 
4125: 315 
4126: 315 
4127: 315 
4128: 315 
4129: 982 
4130: 982 
4131: 982 
4132: 982 
4133: 1125 
4134: 1070 
4135: 1070 
4136: 1070 
4137: 121 
4138: 410 
4139: 410 
4140: 836 
4141: 836 
4142: 836 
4143: 687 
4144: 687 
4145: 687 
4146: 434 
4147: 434 
4148: 434 
4149: 947 
4150: 857 
4151: 857 
4152: 947 
4153: 744 
4154: 744 
4155: 744 
4156: 744 
4157: 516 
4158: 516 
4159: 434 
4160: 440 
4161: 440 
4162: 440 
4163: 440 
4164: 718 
4165: 696 
4166: 696 
4167: 696 
4168: 696 
4169: 687 
4170: 766 
4171: 766 
4172: 767 
4173: 767 
4174: 767 
4175: 767 
4176: 917 
4177: 917 
4178: 767 
4179: 767 
4180: 767 
4181: 852 
4182: 852 
4183: 636 
4184: 636 
4185: 636 
4186: 636 
4187: 638 
4188: 1096 
4189: 974 
4190: 974 
4191: 1286 
4192: 354 
4193: 354 
4194: 354 
4195: 354 
4196: 856 
4197: 856 
4198: 868 
4199: 868 
4200: 1075 
4201: 1175 
4202: 838 
4203: 838 
4204: 854 885 
4205: 885 
4206: 368 
4207: 368 
4208: 368 
4209: 368 
4210: 368 
4211: 368 
4212: 854 
4213: 365 
4214: 365 
4215: 1674 
4216: 1674 
4217: 1674 
4218: 1674 
4219: 985 
4220: 914 
4221: 898 
4222: 898 
4223: 787 
4224: 787 
4225: 787 
4226: 787 
4227: 787 
4228: 698 
4229: 698 
4230: 698 
4231: 698 
4232: 679 
4233: 1674 
4234: 1674 
4235: 263 
4236: 263 
4237: 263 
4238: 263 
4239: 263 
4240: 1283 
4241: 1283 
4242: 1283 
4243: 1283 
4244: 661 
4245: 661 
4246: 663 
4247: 663 
4248: 663 
4249: 663 
4250: 787 
4251: 787 
4252: 204 
4253: 204 
4254: 204 
4255: 205 
4256: 205 
4257: 354 
4258: 354 
4259: 209 
4260: 1704 
4261: 1704 
4262: 1704 
4263: 276 
4264: 276 
4265: 276 
4266: 276 
4267: 1416 
4268: 266 
4269: 266 
4270: 266 
4271: 266 
4272: 226 
4273: 235 
4274: 235 
4275: 235 
4276: 235 
4277: 264 
4278: 264 
4279: 264 
4280: 264 
4281: 1641 
4282: 1643 
4283: 1643 
4284: 1643 
4285: 1643 
4286: 882 
4287: 224 
4288: 224 
4289: 224 
4290: 224 
4291: 224 
4292: 224 
4293: 165 
4294: 165 
4295: 165 
4296: 165 
4297: 183 
4298: 183 
4299: 183 
4300: 183 
4301: 179 
4302: 179 
4303: 179 
4304: 179 
4305: 1575 
4306: 1818 
4307: 1818 
4308: 1818 
4309: 1818 
4310: 1818 
4311: 915 
4312: 915 
4313: 915 
4314: 915 
4315: 1575 
4316: 1575 
4317: 1422 
4318: 1422 
4319: 1664 
4320: 1414 
4321: 1403 
4322: 1403 
4323: 1403 
4324: 1403 
4325: 184 
4326: 184 
4327: 184 
4328: 184 
4329: 1512 
4330: 1512 
4331: 1383 
4332: 1383 
4333: 1383 
4334: 311 
4335: 311 
4336: 311 
4337: 311 
4338: 772 
4339: 40 
4340: 471 
4341: 514 
4342: 1711 
4343: 1711 
4344: 311 378 
4345: 514 
4346: 514 
4347: 514 
4348: 514 
4349: 642 
4350: 772 
4351: 890 
4352: 1495 
4353: 514 
4354: 514 
4355: 903 
4356: 903 
4357: 514 
4358: 1840 
4359: 9 1618 
4360: 9 1618 
4361: 44 
4362: 44 
4363: 5 
4364: 5 
4365: 903 
4366: 514 
4367: 1663 
4368: 903 
4369: 131 
4370: 7 
4371: 1229 
4372: 848 
4373: 1164 
4374: 1403 
4375: 514 
4376: 104 
4377: 607 
4378: 514 
4379: 903 
4380: 344 346 
4381: 236 
4382: 603 
4383: 590 
4384: 590 
4385: 1633 
4386: 471 
4387: 436 
4388: 1032 
4389: 545 
4390: 545 
4391: 545 
4392: 255 
4393: 255 
4394: 255 
4395: 703 
4396: 148 
4397: 148 
4398: 148 
4399: 148 
4400: 422 424 427 428 
4401: 1 
4402: 1747 
4403: 1645 
4404: 1193 
4405: 1645 
4406: 574 
4407: 639 
4408: 1776 
4409: 1776 
4410: 450 
4411: 1499 
4412: 574 
4413: 574 
4414: 645 
4415: 139 
4416: 772 
4417: 101 102 
4418: 63 143 
4419: 603 
4420: 221 
4421: 221 
4422: 221 
4423: 221 
4424: 1701 
4425: 703 
4426: 681 
4427: 628 
4428: 628 
4429: 1294 
4430: 1294 
4431: 826 
4432: 826 
4433: 826 
4434: 142 
4435: 114 142 
4436: 114 142 
4437: 1559 
4438: 1559 
4439: 1559 
4440: 1559 
4441: 1679 
4442: 1585 
4443: 1467 
4444: 1467 
4445: 1805 
4446: 1805 
4447: 353 
4448: 353 
4449: 1377 
4450: 1377 
4451: 608 
4452: 1839 
4453: 823 
4454: 823 
4455: 823 
4456: 622 1840 
4457: 993 
4458: 993 
4459: 1528 
4460: 1528 
4461: 901 
4462: 144 
4463: 144 
4464: 144 
4465: 144 
4466: 793 
4467: 74 119 
4468: 74 119 
4469: 74 119 
4470: 74 119 
4471: 614 
4472: 1663 
4473: 1027 
4474: 1591 
4475: 1655 
4476: 1116 
4477: 865 
4478: 865 
4479: 865 
4480: 865 
4481: 865 
4482: 1616 
4483: 1616 
4484: 1441 
4485: 840 
4486: 1168 
4487: 1168 
4488: 656 
4489: 656 
4490: 658 
4491: 658 
4492: 747 
4493: 747 
4494: 1748 
4495: 1748 
4496: 1768 
4497: 556 
4498: 399 
4499: 377 
4500: 1829 
4501: 1418 
4502: 1418 
4503: 1432 
4504: 455 
4505: 627 
4506: 1679 
4507: 315 
4508: 631 
4509: 115 
4510: 115 
4511: 115 
4512: 115 
4513: 116 
4514: 1281 
4515: 1560 
4516: 1560 
4517: 1556 
4518: 1666 
4519: 1666 
4520: 1666 
4521: 1666 
4522: 1666 
4523: 1538 
4524: 583 
4525: 583 
4526: 53 
4527: 1581 
4528: 1582 
4529: 586 
4530: 1232 
4531: 1673 
4532: 1053 
4533: 1053 
4534: 618 
4535: 553 
4536: 1779 
4537: 116 
4538: 117 
4539: 138 
4540: 1584 
4541: 131 
4542: 553 
4543: 1201 
4544: 1201 
4545: 1201 
4546: 1649 
4547: 640 
4548: 640 
4549: 640 
4550: 640 
4551: 640 
4552: 372 390 
4553: 372 390 
4554: 581 
4555: 545 
4556: 545 
4557: 545 
4558: 782 
4559: 566 
4560: 566 
4561: 1780 
4562: 1625 
4563: 1701 
4564: 1701 
4565: 1701 
4566: 1701 
4567: 275 
4568: 275 
4569: 275 
4570: 936 
4571: 535 
4572: 535 
4573: 605 
4574: 1615 
4575: 691 
4576: 691 
4577: 681 
4578: 1514 
4579: 1586 
4580: 1400 
4581: 1400 
4582: 1400 
4583: 1400 
4584: 1109 
4585: 717 
4586: 717 
4587: 717 
4588: 717 
4589: 717 
4590: 1086 
4591: 1086 
4592: 541 551 
4593: 1120 
4594: 1833 
4595: 1667 
4596: 657 
4597: 657 
4598: 1545 
4599: 1543 
4600: 1543 
4601: 639 
4602: 1764 
4603: 1602 
4604: 1769 
4605: 1657 
4606: 1657 
4607: 1657 
4608: 1657 
4609: 1801 
4610: 1801 
4611: 1801 
4612: 618 
4613: 625 
4614: 547 562 567 569 578 625 632 1016 1074 1354 1493 1790 
4615: 995 
4616: 626 
4617: 1583 
4618: 1583 
4619: 1756 
4620: 1459 
4621: 618 
4622: 1659 
4623: 1659 
4624: 1659 
4625: 1763 
4626: 1763 
4627: 1763 
4628: 131 
4629: 1002 
4630: 681 
4631: 664 
4632: 946 
4633: 1033 
4634: 1033 
4635: 956 
4636: 1036 
4637: 1172 
4638: 1172 
4639: 315 
4640: 1594 
4641: 1594 
4642: 1594 
4643: 1284 
4644: 1804 
4645: 1839 
4646: 1839 
4647: 816 
4648: 816 
4649: 816 
4650: 816 
4651: 816 
4652: 491 
4653: 491 
4654: 1646 
4655: 1468 
4656: 372 390 
4657: 1832 
4658: 518 
4659: 286 
4660: 286 
4661: 338 
4662: 1557 
4663: 808 
4664: 945 
4665: 1663 
4666: 1405 
4667: 1045 
4668: 1045 
4669: 1845 
4670: 1845 
4671: 444 
4672: 1484 
4673: 1484 
4674: 448 
4675: 448 
4676: 448 
4677: 448 
4678: 448 
4679: 448 
4680: 984 
4681: 1805 
4682: 1019 
4683: 643 1035 
4684: 643 1035 
4685: 643 1035 
4686: 1568 
4687: 1568 
4688: 1318 
4689: 1595 
4690: 1595 
4691: 548 
4692: 1632 
4693: 1174 
4694: 617 
4695: 617 
4696: 1411 
4697: 670 1770 
4698: 668 
4699: 624 
4700: 987 
4701: 987 
4702: 987 
4703: 664 
4704: 1135 
4705: 1572 
4706: 1572 
4707: 1572 
4708: 1585 
4709: 82 
4710: 1796 
4711: 925 
4712: 803 
4713: 803 
4714: 927 
4715: 655 
4716: 1851 
4717: 1827 
4718: 1827 
4719: 1536 
4720: 755 
4721: 755 
4722: 755 
4723: 755 
4724: 1558 
4725: 1558 
4726: 1558 
4727: 518 
4728: 454 
4729: 630 
4730: 454 
4731: 1744 
4732: 1440 
4733: 1440 
4734: 552 
4735: 633 
4736: 633 
4737: 633 
4738: 763 
4739: 1135 
4740: 1135 
4741: 1585 
4742: 1659 
4743: 1659 
4744: 1659 
4745: 902 
4746: 1734 
4747: 1584 
4748: 1494 
4749: 598 
4750: 598 
4751: 73 
4752: 555 
4753: 555 
4754: 555 
4755: 555 
4756: 642 
4757: 539 
4758: 539 
4759: 539 
4760: 539 
4761: 539 
4762: 539 
4763: 539 
4764: 1710 
4765: 620 
4766: 620 
4767: 1517 
4768: 1517 
4769: 1517 
4770: 1509 
4771: 675 
4772: 230 
4773: 588 
4774: 588 
4775: 544 
4776: 1593 
4777: 512 
4778: 568 
4779: 1729 
4780: 577 
4781: 577 
4782: 1509 
4783: 1509 
4784: 962 
4785: 436 
4786: 436 
4787: 436 
4788: 436 
4789: 436 
4790: 436 
4791: 436 
4792: 436 
4793: 436 
4794: 436 
4795: 436 
4796: 436 
4797: 436 
4798: 436 
4799: 436 
4800: 436 
4801: 436 
4802: 436 
4803: 436 
4804: 436 
4805: 436 
4806: 436 
4807: 436 
4808: 436 
4809: 436 
4810: 436 
4811: 436 
4812: 436 
4813: 436 
4814: 436 
4815: 436 
4816: 436 
4817: 436 
4818: 436 
4819: 436 
4820: 436 
4821: 436 
4822: 574 1808 
4823: 574 1808 
4824: 574 1808 
4825: 574 
4826: 574 
4827: 574 
4828: 574 
4829: 574 1808 
4830: 574 1808 
4831: 574 
4832: 574 
4833: 574 
4834: 574 
4835: 574 
4836: 574 
4837: 1432 
4838: 436 
4839: 730 
4840: 1679 
4841: 629 
4842: 629 
4843: 629 
4844: 629 
4845: 577 
4846: 577 
4847: 1610 
4848: 141 
4849: 1661 
4850: 1661 
4851: 1661 
4852: 1661 
4853: 574 
4854: 1808 
4855: 1808 
4856: 1808 
4857: 114 
4858: 1273 
4859: 612 
4860: 612 
4861: 612 
4862: 611 
4863: 611 
4864: 611 
4865: 611 
4866: 611 
4867: 611 
4868: 14 
4869: 1411 
4870: 559 
4871: 559 
4872: 626 
4873: 1011 
4874: 1011 
4875: 1361 
4876: 1361 
4877: 1051 
4878: 1051 
4879: 1051 
4880: 512 
4881: 512 
4882: 512 
4883: 1712 
4884: 1712 
4885: 1738 
4886: 542 
4887: 542 
4888: 1490 
4889: 492 
4890: 565 
4891: 1051 
4892: 1051 
4893: 697 
4894: 14 
4895: 60 
4896: 60 
4897: 840 
4898: 1530 
4899: 1530 
4900: 1530 
4901: 1530 
4902: 1530 
4903: 1530 
4904: 1530 
4905: 930 
4906: 604 
4907: 604 
4908: 604 
4909: 604 
4910: 615 
4911: 615 
4912: 615 
4913: 615 
4914: 615 
4915: 1629 1850 
4916: 1564 1565 
4917: 34 
4918: 653 
4919: 1496 
4920: 735 
4921: 541 551 
4922: 541 
4923: 541 
4924: 581 
4925: 1644 
4926: 90 
4927: 342 
4928: 840 
4929: 675 
4930: 1479 
4931: 372 390 
4932: 542 
4933: 1582 
4934: 589 
4935: 540 
4936: 540 
4937: 540 
4938: 540 
4939: 540 
4940: 540 
4941: 540 
4942: 654 
4943: 654 
4944: 1579 
4945: 1233 
4946: 141 
4947: 1598 
4948: 1598 
4949: 1598 
4950: 666 
4951: 116 
4952: 116 
4953: 1714 
4954: 621 
4955: 621 
4956: 621 
4957: 1617 
4958: 621 
4959: 621 
4960: 1758 
4961: 722 
4962: 722 
4963: 581 
4964: 1412 
4965: 1412 
4966: 1617 
4967: 1617 
4968: 1617 
4969: 1268 
4970: 1268 
4971: 1571 
4972: 1145 
4973: 543 
4974: 543 
4975: 543 
4976: 543 
4977: 543 
4978: 543 
4979: 543 
4980: 492 
4981: 1557 
4982: 1450 
4983: 335 
4984: 1580 
4985: 1762 
4986: 1762 
4987: 1762 
4988: 675 
4989: 1120 
4990: 875 
4991: 875 
4992: 665 
4993: 1544 
4994: 547 562 
4995: 1713 
4996: 600 
4997: 1548 
4998: 594 595 1807 
4999: 14 
5000: 575 
5001: 335 342 
5002: 863 
5003: 863 
5004: 863 
5005: 863 
5006: 863 
5007: 863 
5008: 863 
5009: 949 
5010: 949 
5011: 644 
5012: 1789 
5013: 776 
5014: 613 
5015: 569 
5016: 569 
5017: 569 
5018: 569 
5019: 569 
5020: 547 562 567 569 578 625 632 1016 1074 1354 1493 1790 
5021: 547 562 567 569 578 625 632 1016 1074 1354 1493 1790 
5022: 567 
5023: 120 
5024: 1585 
5025: 704 
5026: 704 
5027: 704 
5028: 704 
5029: 704 
5030: 1515 
5031: 1574 
5032: 550 
5033: 550 
5034: 550 
5035: 131 
5036: 575 
5037: 14 
5038: 1576 
5039: 1576 
5040: 1541 
5041: 1541 
5042: 1437 
5043: 576 
5044: 576 
5045: 576 
5046: 890 931 
5047: 585 
5048: 585 
5049: 1623 
5050: 1623 
5051: 576 
5052: 1094 1331 
5053: 647 1754 
5054: 695 
5055: 1679 
5056: 1238 
5057: 995 
5058: 1276 
5059: 441 
5060: 1624 
5061: 1624 
5062: 538 
5063: 1665 
5064: 1459 
5065: 544 
5066: 544 
5067: 1655 
5068: 1655 
5069: 1315 
5070: 1055 
5071: 1765 
5072: 1765 
5073: 30 
5074: 1679 
5075: 1120 
5076: 289 
5077: 399 
5078: 377 
5079: 1497 
5080: 1620 
5081: 1620 
5082: 1406 
5083: 1406 
5084: 1406 
5085: 1406 
5086: 1406 
5087: 1406 
5088: 690 
5089: 147 
5090: 147 
5091: 146 
5092: 146 
5093: 599 
5094: 756 
5095: 1795 
5096: 575 
5097: 571 
5098: 571 
5099: 1238 
5100: 289 
5101: 626 
5102: 563 
5103: 563 
5104: 563 
5105: 563 
5106: 563 
5107: 1447 
5108: 1208 
5109: 1208 
5110: 618 
5111: 618 
5112: 596 
5113: 596 
5114: 1563 
5115: 1563 
5116: 1563 
5117: 76 
5118: 768 
5119: 622 
5120: 618 
5121: 618 
5122: 441 
5123: 492 
5124: 492 
5125: 1420 
5126: 1420 
5127: 1589 
5128: 1764 
5129: 1272 
5130: 1272 
5131: 1576 
5132: 1610 
5133: 1420 
5134: 1789 
5135: 232 
5136: 232 
5137: 1740 
5138: 1740 
5139: 1567 
5140: 1567 
5141: 1567 
5142: 1567 
5143: 1567 
5144: 1497 
5145: 1497 
5146: 1164 
5147: 1229 
5148: 829 
5149: 829 
5150: 829 
5151: 829 
5152: 103 129 
5153: 1521 
5154: 1521 
5155: 1521 
5156: 1521 
5157: 1521 
5158: 1593 
5159: 1593 
5160: 1109 
5161: 1590 
5162: 711 
5163: 785 
5164: 1606 
5165: 862 
5166: 862 
5167: 1123 
5168: 1679 
5169: 1134 
5170: 1134 
5171: 114 
5172: 681 
5173: 1069 
5174: 1069 
5175: 907 
5176: 422 424 427 428 
5177: 1586 
5178: 662 
5179: 1681 
5180: 1681 
5181: 662 
5182: 83 
5183: 1318 
5184: 49 
5185: 1327 
5186: 1678 
5187: 1678 
5188: 1678 
5189: 281 
5190: 281 
5191: 455 
5192: 142 
5193: 110 
5194: 110 
5195: 1164 
5196: 232 
5197: 232 
5198: 232 
5199: 232 
5200: 121 
5201: 1524 
5202: 150 
5203: 459 461 465 473 475 
5204: 1169 1263 
5205: 1097 
5206: 1324 
5207: 1120 
5208: 88 
5209: 864 1076 1436 
5210: 1542 
5211: 1447 
5212: 560 591 
5213: 855 
5214: 1663 
5215: 0 1 2 25 1700 
5216: 1625 
5217: 41 
5218: 841 
5219: 939 
5220: 490 
5221: 0 
5222: 77 
5223: 1592 
5224: 1006 
5225: 931 
5226: 1655 
5227: 697 
5228: 776 
5229: 1588 
5230: 1588 
5231: 1447 
5232: 1447 
5233: 1597 
5234: 37 
5235: 37 
5236: 1261 
5237: 1261 
5238: 315 
5239: 315 
5240: 697 
5241: 1093 
5242: 1619 
5243: 1619 
5244: 1404 
5245: 1404 
5246: 1667 
5247: 685 686 
5248: 685 686 
5249: 1149 1841 
5250: 1121 
5251: 2 
5252: 436 
5253: 1447 
5254: 1852 
5255: 14 
5256: 0 
5257: 414 1299 
5258: 0 
5259: 117 
5260: 1637 
5261: 543 552 554 
5262: 573 
5263: 573 
5264: 730 
5265: 573 
5266: 97 126 
5267: 578 
5268: 578 
5269: 1562 
5270: 806 
5271: 872 
5272: 356 
5273: 426 491 
5274: 8 
5275: 8 
5276: 569 
5277: 130 
5278: 1612 
5279: 83 
5280: 719 
5281: 1715 
5282: 619 
5283: 1752 
5284: 705 
5285: 1434 1502 1741 
5286: 606 
5287: 87 125 127 
5288: 36 
5289: 1352 
5290: 1354 1790 
5291: 1552 
5292: 1423 
5293: 1837 
5294: 1837 
5295: 1837 
5296: 1837 
5297: 1573 
5298: 1573 
5299: 1320 
5300: 1794 
5301: 541 551 
5302: 1700 
5303: 132 135 
5304: 561 609 
5305: 540 
5306: 89 1613 
5307: 96 99 
5308: 84 95 
5309: 84 95 
5310: 91 92 111 
5311: 91 92 111 
5312: 112 118 133 1611 
5313: 112 118 133 1611 
5314: 85 113 
5315: 70 93 
5316: 70 93 
5317: 71 134 
5318: 71 134 
5319: 94 122 
5320: 94 122 
5321: 691 
5322: 101 102 1808 
5323: 539 
5324: 1063 
5325: 1321 
5326: 795 860 
5327: 665 
5328: 697 
5329: 697 
5330: 1670 
5331: 697 
5332: 98 136 
5333: 543 
5334: 672 
5335: 1417 
5336: 963 
5337: 1328 
5338: 1101 1455 
5339: 1634 
5340: 7 
5341: 1724 
5342: 616 
5343: 57 
5344: 150 
5345: 1469 
5346: 178 
5347: 608 
5348: 1260 
5349: 1043 
5350: 1385 
5351: 992 1836 
5352: 1677 
5353: 585 
5354: 682 
5355: 81 
5356: 1099 
5357: 1099 
5358: 682 
5359: 799 
5360: 632 
5361: 641 
5362: 1350 
5363: 1105 
5364: 582 
5365: 1466 
5366: 1745 
5367: 1745 
5368: 405 
5369: 465 
5370: 1558 
5371: 459 
5372: 414 
5373: 414 
5374: 414 
5375: 414 
5376: 1299 
5377: 1299 
5378: 1299 
5379: 1299 
5380: 42 
5381: 547 
5382: 162 
5383: 220 
5384: 562 567 625 1493 
5385: 547 562 
5386: 599 
5387: 137 161 
5388: 137 
5389: 137 
5390: 137 
5391: 161 
5392: 161 
5393: 161 
5394: 1630 
5395: 1630 
5396: 1630 
5397: 1630 
5398: 764 
5399: 581 
5400: 581 
5401: 1655 
5402: 566 
5403: 62 
5404: 634 
5405: 1749 
5406: 1749 
5407: 0 138 
5408: 610 
5409: 610 
5410: 610 
5411: 556 
5412: 1558 
5413: 989 
5414: 1630 
5415: 1630 
5416: 1630 
5417: 1630 
5418: 1630 
5419: 1630 
5420: 1558 
5421: 1083 
5422: 1083 
5423: 562 567 625 
5424: 558 
5425: 461 
5426: 1119 
5427: 1774 
5428: 1360 
5429: 220 
5430: 220 
5431: 14 
5432: 1584 
5433: 1602 
5434: 587 
5435: 587 
5436: 587 
5437: 1098 
5438: 1203 
5439: 682 
5440: 140 
5441: 140 
5442: 1753 
5443: 650 
5444: 558 
5445: 819 
5446: 819 
5447: 1752 
5448: 682 
5449: 1411 
5450: 1208 
5451: 925 
5452: 1069 
5453: 381 
5454: 619 1406 
5455: 538 
5456: 1337 
5457: 1034 
5458: 117 
5459: 768 
5460: 865 
5461: 70 
5462: 1576 
5463: 630 
5464: 1225 
5465: 776 
5466: 492 
5467: 543 
5468: 1576 
5469: 1511 
5470: 1835 
5471: 1567 
5472: 1833 
5473: 28 
5474: 1083 
5475: 1315 
5476: 1249 
5477: 872 
5478: 1140 
5479: 547 562 569 578 625 632 
5480: 617 1411 
5481: 1414 
5482: 1337 
5483: 1542 
5484: 1569 
5485: 1546 
5486: 666 
5487: 1194 
5488: 1711 
5489: 1681 
5490: 607 
5491: 1268 
5492: 1108 
5493: 1576 
5494: 1072 
5495: 625 
5496: 1433 
5497: 561 
5498: 1415 
5499: 1606 
5500: 1835 
5501: 1713 
5502: 1771 
5503: 1564 1565 
5504: 1771 
5505: 1756 
5506: 753 
5507: 1511 
5508: 1356 
5509: 1849 
5510: 183 
5511: 1443 
5512: 92 
5513: 730 1343 
5514: 1291 
5515: 655 
5516: 670 
5517: 1830 
5518: 1591 
5519: 1381 
5520: 1083 
5521: 1541 
5522: 1625 
5523: 127 
5524: 1071 
5525: 881 
5526: 1715 
5527: 1681 
5528: 1517 
5529: 1641 
5530: 1377 
5531: 622 1840 
5532: 459 
5533: 631 
5534: 1485 
5535: 465 
5536: 1590 
5537: 1069 
5538: 1509 
5539: 1743 
5540: 619 1406 
5541: 1433 
5542: 627 
5543: 1219 
5544: 1711 
5545: 875 
5546: 616 
5547: 1543 
5548: 863 
5549: 697 
5550: 803 
5551: 875 
5552: 1724 
5553: 1742 
5554: 1345 
5555: 1495 
5556: 1511 
5557: 1398 
5558: 719 
5559: 1613 
5560: 641 
5561: 776 
5562: 1562 
5563: 95 
5564: 658 
5565: 1291 
5566: 1337 
5567: 1400 
5568: 1274 
5569: 658 
5570: 705 
5571: 1517 
5572: 1551 
5573: 604 
5574: 1443 
5575: 1208 
5576: 1624 
5577: 864 
5578: 619 1406 
5579: 668 
5580: 622 1840 
5581: 1094 1331 
5582: 872 
5583: 619 1406 
5584: 1624 
5585: 1261 
5586: 1612 
5587: 639 
5588: 122 
5589: 1629 1850 
5590: 1491 
5591: 608 
5592: 1753 
5593: 1291 
5594: 541 551 
5595: 1468 
5596: 650 
5597: 1625 
5598: 914 
5599: 1261 
5600: 130 
5601: 616 
5602: 1659 
5603: 654 
5604: 1180 
5605: 647 1754 
5606: 1724 
5607: 595 
5608: 1710 
5609: 1429 
5610: 1345 
5611: 640 
5612: 1597 
5613: 1511 
5614: 1735 
5615: 1392 
5616: 1509 
5617: 590 
5618: 705 1835 
5619: 492 
5620: 1341 
5621: 1552 
5622: 1328 
5623: 1616 
5624: 1356 
5625: 1447 
5626: 1415 
5627: 84 
5628: 1753 
5629: 611 
5630: 690 
5631: 1403 
5632: 865 
5633: 1752 
5634: 1268 
5635: 1403 
5636: 567 
5637: 1174 
5638: 747 
5639: 461 
5640: 1447 
5641: 705 
5642: 881 
5643: 753 
5644: 1341 
5645: 619 1406 
5646: 1337 
5647: 1482 
5648: 1101 
5649: 1768 
5650: 615 
5651: 1843 
5652: 1514 
5653: 617 
5654: 1742 
5655: 1753 
5656: 134 
5657: 1752 
5658: 578 
5659: 622 1840 
5660: 639 
5661: 585 
5662: 1341 
5663: 1111 
5664: 1796 
5665: 1738 
5666: 1403 
5667: 1567 
5668: 1590 
5669: 621 
5670: 98 132 135 136 1234 1235 
5671: 1403 
5672: 1776 
5673: 747 
5674: 1423 
5675: 1300 
5676: 682 
5677: 1509 
5678: 619 1406 
5679: 881 
5680: 1764 
5681: 682 
5682: 717 
5683: 1433 
5684: 1324 
5685: 1832 
5686: 634 
5687: 604 
5688: 1455 
5689: 1402 
5690: 518 
5691: 803 
5692: 590 
5693: 1771 
5694: 1764 
5695: 621 
5696: 1818 
5697: 1541 
5698: 1337 
5699: 865 
5700: 855 
5701: 881 
5702: 615 
5703: 1482 
5704: 1571 
5705: 1548 
5706: 1637 
5707: 863 
5708: 622 1840 
5709: 695 
5710: 1659 
5711: 1743 
5712: 1517 
5713: 1543 
5714: 71 
5715: 1776 
5716: 1429 
5717: 1771 
5718: 1281 
5719: 753 
5720: 89 
5721: 1742 
5722: 806 
5723: 1403 
5724: 93 
5725: 628 
5726: 1715 
5727: 94 
5728: 5731 5733 5737 
5729: 5734 5737 
5730: 5732 5735 5736 
5731: 5728 
5732: 5730 
5733: 5728 
5734: 5729 
5735: 5730 
5736: 5730 
5737: 5728 5729 
5738: 5740 
5739: 5741 
5740: 5738 
5741: 5739 
5742: 5760 
5743: 5761 
5744: 5762 
5745: 5763 
5746: 5764 
5747: 5765 
5748: 5766 
5749: 5767 
5750: 5768 
5751: 5769 
5752: 5770 
5753: 5771 5772 
5754: 5773 
5755: 5774 
5756: 5775 
5757: 5776 
5758: 5777 
5759: 5778 
5760: 5742 
5761: 5743 
5762: 5744 
5763: 5745 
5764: 5746 
5765: 5747 
5766: 5748 
5767: 5749 
5768: 5750 
5769: 5751 
5770: 5752 
5771: 5753 
5772: 5753 
5773: 5754 
5774: 5755 
5775: 5756 
5776: 5757 
5777: 5758 
5778: 5759 
5779: 5840 5841 
5780: 5843 
5781: 5841 
5782: 5845 5846 
5783: 5841 
5784: 5840 
5785: 5840 
5786: 5843 
5787: 5840 
5788: 5840 
5789: 5840 
5790: 5840 
5791: 5840 
5792: 5840 
5793: 5840 
5794: 5840 
5795: 5840 
5796: 5840 
5797: 5840 
5798: 5840 
5799: 5841 
5800: 5840 
5801: 5841 
5802: 5840 
5803: 5840 
5804: 5841 
5805: 5840 
5806: 5841 
5807: 5840 
5808: 5840 
5809: 5843 
5810: 5841 
5811: 5840 
5812: 5842 
5813: 5840 
5814: 5840 
5815: 5841 
5816: 5841 
5817: 5843 
5818: 5844 
5819: 5840 
5820: 5840 
5821: 5841 
5822: 5841 
5823: 5840 
5824: 5840 
5825: 5840 
5826: 5841 
5827: 5840 
5828: 5840 
5829: 5840 
5830: 5841 
5831: 5841 
5832: 5841 
5833: 5840 
5834: 5842 
5835: 5843 
5836: 5840 
5837: 5840 
5838: 5840 
5839: 5840 
5840: 5779 5784 5785 5787 5788 5789 5790 5791 5792 5793 5794 5795 5796 5797 5798 5800 5802 5803 5805 5807 5808 5811 5813 5814 5819 5820 5823 5824 5825 5827 5828 5829 5833 5836 5837 5838 5839 
5841: 5779 5781 5783 5799 5801 5804 5806 5810 5815 5816 5821 5822 5826 5830 5831 5832 
5842: 5812 5834 
5843: 5780 5786 5809 5817 5835 
5844: 5818 
5845: 5782 
5846: 5782 
