# Nodes: 288
0 88
0 267
0 266
1 114
1 88
1 115
1 117
1 116
2 88
2 120
2 119
2 118
3 88
3 248
3 249
4 88
4 246
4 247
5 122
5 123
5 88
5 124
5 125
5 121
6 191
6 88
6 189
6 192
6 190
7 88
7 129
7 127
7 128
7 126
7 229
8 133
8 134
8 88
8 131
8 135
8 137
8 130
8 132
8 136
9 88
9 186
9 184
9 185
10 88
10 215
10 216
11 88
11 178
12 176
12 177
12 171
12 172
12 88
12 175
12 174
12 173
13 88
13 141
13 140
13 142
14 253
14 88
14 255
14 254
14 251
14 252
15 88
15 275
15 201
15 202
16 88
16 195
17 88
17 231
18 88
18 241
19 88
19 241
19 280
20 88
20 278
20 272
20 193
21 88
21 194
22 285
22 284
22 88
22 233
22 234
22 235
22 232
22 236
23 88
23 203
23 250
23 230
24 88
24 224
24 223
24 225
25 199
25 88
25 198
25 200
25 196
25 281
25 197
26 88
26 219
26 221
26 220
27 88
27 238
27 239
28 88
28 151
28 150
28 152
29 88
29 93
29 92
30 88
30 146
30 145
31 88
31 274
32 88
32 256
32 276
33 88
33 169
33 168
34 88
34 273
35 88
35 166
36 88
36 217
37 88
37 264
38 107
38 105
38 88
38 104
38 106
39 88
39 139
39 138
40 88
40 180
40 181
41 88
41 89
41 90
41 91
42 162
42 88
42 163
42 265
42 161
43 88
43 218
44 88
44 210
45 88
45 211
46 88
46 182
47 88
47 183
48 88
48 219
48 221
48 220
49 88
49 212
50 88
50 113
51 88
51 170
52 88
52 102
52 101
52 100
53 88
53 262
53 263
54 97
54 98
54 99
54 88
54 214
54 213
55 88
55 187
56 88
56 164
57 88
58 88
58 243
59 88
59 108
60 88
60 110
60 109
60 111
61 88
61 144
61 143
62 88
62 282
63 88
63 271
63 270
64 88
64 242
65 157
65 88
65 159
65 156
65 158
66 88
66 160
67 88
67 188
68 88
68 167
69 88
70 88
70 94
70 96
70 95
71 88
71 108
71 155
72 88
72 222
73 88
73 240
73 286
74 88
74 165
75 283
75 261
75 88
75 260
75 259
75 258
75 257
75 277
76 88
76 268
76 269
77 88
77 244
77 245
78 206
78 204
78 88
78 228
78 279
78 226
78 227
78 287
78 205
79 88
79 237
80 88
80 209
80 207
80 208
81 88
81 90
81 112
81 91
82 154
82 88
82 153
82 147
82 148
83 88
83 103
84 88
84 179
85 88
85 241
86 88
86 103
87 88
87 149
