# Nodes: 413
0 409
0 132
0 381
0 384
0 217
0 379
0 386
1 214
1 325
1 132
1 379
2 382
2 132
2 379
3 391
3 392
3 132
4 149
4 132
4 148
4 150
4 151
4 147
5 132
5 215
5 379
5 216
6 309
6 132
6 377
7 409
7 180
7 132
7 329
8 179
8 132
8 326
9 378
9 132
9 397
10 408
10 132
10 182
10 181
11 224
11 223
11 398
11 222
11 133
11 225
12 220
12 219
12 132
12 221
12 218
13 132
14 138
14 132
14 141
14 140
14 139
15 228
15 226
15 132
15 227
15 229
16 287
16 286
16 132
17 142
17 132
17 145
17 143
17 144
18 292
18 294
18 132
18 293
18 295
19 132
20 132
20 300
21 307
21 308
21 132
22 158
22 159
22 157
22 132
22 160
23 246
23 244
23 132
23 314
23 313
24 135
24 132
24 136
25 132
26 170
26 132
26 172
26 169
26 168
26 173
27 132
28 132
28 156
29 306
29 132
29 304
29 303
29 305
30 191
30 132
30 189
30 192
30 190
31 132
32 132
32 183
32 184
33 132
34 132
35 132
36 197
36 198
36 132
36 196
36 194
36 193
36 399
36 195
37 154
37 132
37 152
37 155
37 153
38 132
39 206
39 203
39 205
39 132
39 204
40 401
40 403
40 400
40 385
40 132
40 402
41 202
41 201
41 132
41 200
41 199
42 132
43 376
43 132
43 211
43 324
44 376
44 134
44 132
44 324
45 209
45 210
45 390
45 132
45 208
45 207
46 376
46 132
46 213
46 324
47 376
47 212
47 132
47 324
48 358
48 343
48 339
48 334
48 348
48 366
48 335
48 351
48 383
48 347
48 352
48 353
48 338
48 354
48 344
48 346
48 188
48 368
48 369
48 186
48 362
48 341
48 360
48 132
48 370
48 185
48 355
48 357
48 340
48 323
48 350
48 363
48 336
48 356
48 187
48 365
48 345
48 359
48 349
48 361
48 333
48 337
48 364
48 367
48 342
49 132
50 273
50 271
50 272
50 132
50 261
50 248
51 132
52 132
53 255
53 253
53 256
53 132
53 254
53 248
54 230
54 133
55 132
56 132
57 132
58 132
59 232
59 231
59 233
59 132
59 234
60 247
60 132
61 380
61 132
62 330
62 390
62 132
62 331
63 297
63 132
63 296
63 298
63 299
64 230
64 133
65 230
65 133
66 332
66 133
66 372
66 373
67 394
67 133
67 410
68 371
68 133
69 388
69 387
69 132
69 389
70 394
70 133
71 238
71 132
71 237
71 235
71 236
71 239
72 137
72 132
73 243
73 240
73 132
73 241
73 242
74 258
74 260
74 132
74 236
74 259
74 374
74 257
75 132
76 132
76 146
77 132
78 267
78 269
78 132
78 266
78 268
79 284
79 132
80 245
80 246
80 244
80 132
81 312
81 132
81 310
82 132
83 163
83 162
83 132
84 311
84 132
84 310
85 250
85 252
85 251
85 132
85 249
86 166
86 167
86 165
86 164
86 132
87 375
87 132
88 132
89 132
89 281
90 396
90 132
91 132
92 132
93 132
94 132
95 132
96 162
96 132
97 133
98 132
99 132
99 285
100 132
101 274
101 283
101 132
101 270
101 236
101 282
102 132
103 132
104 132
105 132
106 132
107 318
107 132
107 316
107 317
107 315
107 151
108 132
109 278
109 279
109 385
109 132
109 404
109 276
109 277
109 406
109 407
109 405
109 280
110 132
111 395
111 263
111 265
111 132
111 264
111 262
112 284
112 132
113 132
114 412
114 133
114 411
115 302
115 132
116 133
117 132
117 288
117 290
117 291
117 289
118 327
118 132
118 328
119 321
119 132
119 319
119 320
119 322
120 177
120 176
120 132
120 175
120 174
121 171
121 132
122 132
122 178
123 132
124 132
125 132
125 161
126 132
127 133
127 379
127 393
128 132
128 301
129 284
129 132
130 132
130 275
131 132
