# Nodes: 5847
0 5407
0 1904
0 5221
0 5256
0 2909
0 5215
0 5258
1 2902
1 4401
1 1904
1 5215
2 5251
2 1904
2 5215
3 2152
3 1883
3 2153
4 2166
4 2165
4 2084
5 4363
5 2037
5 4364
6 2377
6 1972
6 2376
7 4370
7 2026
7 5340
8 5274
8 5275
8 1904
9 4359
9 1972
9 4360
10 2168
10 2068
10 2167
11 2362
11 2068
11 2363
12 2166
12 2165
12 2084
13 2147
13 2145
13 2019
14 4999
14 2069
14 4894
14 4868
14 5037
14 5431
14 5255
15 2125
15 2123
15 2068
16 2274
16 2169
16 2044
17 2166
17 2165
17 2084
18 2142
18 2068
18 2141
18 2140
18 2139
19 2141
19 2068
19 2140
20 2364
20 2068
20 2365
21 2050
22 2004
22 2144
22 2143
23 2387
23 1904
23 2386
23 2388
23 2389
23 2385
24 2120
25 1904
25 2903
25 5215
25 2904
26 1911
27 2056
28 2135
28 2134
28 2084
28 5473
29 1911
30 1973
30 5073
31 2059
32 2111
33 2098
34 4917
34 2003
35 2132
35 2037
35 2133
36 2273
36 2068
36 2136
36 5288
37 2024
37 5235
37 5234
38 2016
39 2004
39 2130
39 2131
40 4339
40 2129
40 2068
41 2008
41 5217
42 5380
42 1963
43 2908
43 1972
43 2907
44 4362
44 1975
44 4361
45 2376
45 1972
45 2377
46 2147
46 2145
46 2019
47 2147
47 2145
47 2019
48 2124
48 2123
48 2068
49 5184
49 1975
50 2050
51 2722
51 2024
51 2723
51 2725
51 2724
52 2050
53 4526
53 2003
54 2050
55 2050
56 2095
57 2964
57 2045
57 5343
57 2963
58 2955
58 2952
58 2093
58 2953
58 2954
59 2961
59 1866
59 2962
59 2960
60 4896
60 1900
60 4895
61 1859
62 5403
62 1975
63 4418
63 1972
64 1859
65 1886
66 2092
67 2024
67 2958
67 2957
67 2956
68 2050
69 1933
70 5461
70 5315
70 2068
70 5316
71 5714
71 5317
71 5318
71 2068
72 1941
73 1896
73 4751
74 4468
74 4470
74 4467
74 1883
74 4469
75 1963
75 2654
76 5117
76 2037
77 2004
77 5222
78 2094
79 2050
80 2050
81 2037
81 5355
82 1985
82 4709
83 5279
83 5182
83 1973
84 5309
84 5308
84 2068
84 5627
85 5314
85 2019
86 2969
86 2967
86 1875
86 2968
86 2966
86 2965
86 2970
87 5287
87 1975
88 1987
88 5208
89 5306
89 5720
89 2084
90 1994
90 4926
91 5311
91 2068
91 5310
92 5311
92 5512
92 2068
92 5310
93 5724
93 5315
93 2068
93 5316
94 5727
94 5320
94 2068
94 5319
95 5309
95 5563
95 2068
95 5308
96 5307
96 2019
97 2068
97 5266
98 5670
98 2084
98 5332
99 5307
99 2019
100 1937
101 1972
101 4417
101 5322
102 1972
102 4417
102 5322
103 5152
103 2044
104 1984
104 4376
105 2050
106 2151
106 2150
106 2068
107 2125
107 2124
107 2068
108 2269
108 2270
108 2019
109 2004
109 2271
109 2272
110 5193
110 5194
110 2003
111 5311
111 2068
111 5310
112 5313
112 5312
112 2068
113 5314
113 2019
114 4435
114 5171
114 4436
114 2004
114 4857
115 4510
115 4509
115 4511
115 4512
115 1861
116 4951
116 4952
116 4513
116 4537
116 1861
117 2004
117 5458
117 5259
117 4538
118 5313
118 5312
118 2068
119 4468
119 4470
119 4467
119 1883
119 4469
120 5023
120 3679
120 3683
120 2105
120 3681
120 3680
120 3682
121 4137
121 1904
121 5200
122 5320
122 2068
122 5319
122 5588
123 1905
124 2098
125 5287
125 1975
126 2068
126 5266
127 5523
127 5287
127 1975
128 2036
129 5152
129 2044
130 5277
130 2068
130 5600
131 1972
131 4628
131 5035
131 4369
131 4541
132 5303
132 5670
132 2084
133 5313
133 5312
133 2068
134 5656
134 5317
134 5318
134 2068
135 5303
135 5670
135 2084
136 5670
136 2084
136 5332
137 5387
137 2079
137 5390
137 5388
137 5389
138 5407
138 2801
138 1904
138 4539
139 2798
139 1904
139 4415
140 2079
140 5440
140 5441
141 4946
141 2037
141 4848
142 4435
142 4434
142 4436
142 2004
142 5192
143 4418
143 1972
144 4462
144 4464
144 4463
144 1884
144 4465
145 2705
145 2706
145 1913
145 2704
146 2024
146 5091
146 5092
147 2024
147 5089
147 5090
148 4397
148 4399
148 2079
148 4396
148 4398
149 3001
149 2997
149 2982
149 2998
149 3000
149 2999
149 3002
149 2981
149 2983
149 1861
149 3003
150 5202
150 1904
150 5344
151 2146
151 2068
151 2136
152 2138
152 2068
152 2137
153 2147
153 2145
153 2019
154 2374
154 2366
154 1975
155 1978
156 2166
156 2165
156 2084
157 2376
157 1972
157 2375
158 2742
158 2745
158 2746
158 2744
158 2743
158 1861
159 2095
160 2986
160 2996
160 2984
160 2995
160 2994
160 2985
160 1861
161 5391
161 5387
161 2079
161 5392
161 5393
162 5382
162 1904
162 2803
162 2802
163 1861
164 3059
164 3053
164 3057
164 1884
164 3054
164 3056
164 3058
164 3055
165 4293
165 4296
165 1861
165 4295
165 4294
166 3006
166 3013
166 3012
166 3007
166 1861
167 2980
167 1861
168 2752
168 2749
168 2750
168 2748
168 2751
168 2747
168 2101
169 4071
169 4070
169 2742
169 4069
169 4068
169 1861
170 3021
170 1912
170 3022
170 3019
170 3018
170 3020
171 1859
172 2085
173 2105
174 1912
175 3048
175 1912
176 2972
176 2973
176 2024
176 2974
176 2975
176 2971
177 2979
177 2977
177 2978
177 1861
177 2976
178 3044
178 3043
178 5346
178 3042
178 1951
178 3045
179 4303
179 4302
179 4301
179 4304
179 1861
180 3068
180 3066
180 3069
180 3067
180 1883
181 1883
181 2729
181 2728
181 2730
181 2731
182 2104
182 3014
182 3017
182 3015
182 3016
183 4299
183 4298
183 4300
183 1928
183 5510
183 4297
184 4327
184 4328
184 4326
184 4325
184 1861
185 2989
185 2988
185 1861
185 2987
186 2992
186 2991
186 1904
186 2993
186 2990
187 2338
187 2339
187 2340
187 2337
187 1861
188 1912
189 2092
190 3028
190 3023
190 3029
190 1907
190 3027
190 3030
191 1879
192 2102
193 2249
193 2248
193 2251
193 2250
193 1885
194 1885
195 2304
195 2306
195 2305
195 2303
195 1885
196 1889
197 3009
197 1883
197 3011
197 3010
197 3005
197 3008
197 3004
198 1904
199 3035
199 2231
199 3036
199 3037
199 1884
199 2228
199 3034
200 3024
200 1923
201 1889
202 1860
203 2082
204 4254
204 1903
204 3366
204 4252
204 4253
205 4255
205 1870
205 4256
206 1887
207 3081
207 1928
208 2322
208 2320
208 2319
208 2321
208 1861
209 1924
209 4259
210 2207
210 1904
210 2210
210 2209
210 2208
211 3061
211 3063
211 1946
211 3060
211 3062
211 3064
212 1888
212 3065
213 2623
213 2621
213 2628
213 2629
213 2622
213 2626
213 1921
213 2624
213 2631
213 2675
213 2630
213 2627
213 2620
214 1861
215 1908
215 3873
215 3871
215 3874
215 3870
215 3872
216 1885
217 3102
217 3100
217 1904
217 3101
217 3103
218 3894
218 3875
218 1904
219 2103
220 5429
220 1883
220 5383
220 5430
221 4422
221 2024
221 4420
221 4423
221 4421
222 2361
222 2298
222 2297
222 2302
222 2300
222 2360
222 2357
222 1955
222 2358
222 2301
222 2299
222 2359
222 2356
222 2307
223 1887
224 4289
224 4290
224 4292
224 1884
224 4287
224 4291
224 4288
225 2119
226 4272
226 1963
227 2103
228 2727
228 1920
228 2715
228 2714
229 1919
230 2024
230 3046
230 3032
230 3033
230 3031
230 4772
231 2343
231 1904
231 2346
231 2344
231 2345
232 5136
232 5196
232 5198
232 1883
232 5135
232 5199
232 5197
233 1924
233 2486
233 2485
233 2482
233 2484
233 2483
233 2481
234 1919
235 4273
235 1872
235 4275
235 4276
235 4274
236 1970
236 4381
237 2029
238 1993
239 1874
240 1924
241 1970
241 2702
242 3972
242 1924
243 1924
244 1887
245 1924
245 3152
245 3153
245 3156
245 3150
245 3155
245 3157
245 3195
245 3154
245 3151
245 3194
246 2487
246 2489
246 2491
246 1999
246 2488
247 1887
248 3090
248 3091
248 2024
248 3088
248 3092
248 3094
248 3087
248 3089
248 3093
249 1883
249 3149
250 1887
251 1887
252 3878
252 3881
252 1888
252 3879
252 3927
252 3880
253 1863
254 1919
255 2024
255 4394
255 4392
255 4393
256 3070
256 1987
256 3071
257 2370
257 2369
257 2368
257 1899
258 3956
258 3958
258 1904
258 3957
258 3959
259 1877
259 3104
260 2634
260 2638
260 2632
260 1932
260 2649
260 2643
260 2644
260 2639
260 2648
260 2637
260 2640
260 2650
260 2641
260 2642
260 2633
261 3965
261 1888
261 3964
261 3963
261 3962
262 1889
263 1901
263 4239
263 4235
263 4237
263 4236
263 4238
264 4277
264 4278
264 4280
264 1871
264 4279
265 3175
265 3121
265 3125
265 3116
265 3127
265 3176
265 3118
265 3180
265 3124
265 3122
265 3132
265 1884
265 3178
265 3179
265 3173
265 3126
265 3167
265 3128
265 3174
265 3172
265 3115
265 3119
265 3171
265 3133
265 3169
265 3130
265 3170
265 3129
265 3168
265 3120
265 3131
265 3117
265 3177
265 3123
266 4268
266 4270
266 1884
266 4269
266 4271
267 1889
268 2107
269 2509
269 2508
269 2506
269 1940
269 2513
269 2511
269 2507
269 2512
270 2502
270 2503
270 2505
270 2504
270 1892
271 3097
271 1872
271 3096
271 3095
272 3113
272 3112
272 1883
272 3114
272 3111
272 3110
273 2670
273 2667
273 2668
273 1915
273 2669
274 1888
274 2466
274 2468
274 2467
274 2465
275 4567
275 2462
275 4569
275 2464
275 1935
275 4568
275 2463
276 4265
276 4264
276 4263
276 1889
276 4266
277 1880
277 3047
278 1860
279 2447
279 2446
279 1878
279 2445
279 2448
280 1871
281 5189
281 1912
281 5190
282 1912
282 4112
282 4111
282 4114
282 4113
283 2010
284 1887
285 2493
285 2492
285 2494
285 1889
286 2024
286 4659
286 4660
287 1899
288 3182
288 1883
289 5076
289 5100
289 2032
290 3199
290 1883
290 3197
290 3196
290 3198
291 2530
291 2531
291 2528
291 2051
291 2529
292 2573
292 1972
292 2570
292 2580
292 2571
292 2635
292 2578
292 2575
292 2576
292 2572
292 2577
292 2579
292 2636
292 2574
293 2034
294 3052
294 1912
294 3049
294 3050
294 3051
295 1904
296 2260
296 3160
296 3158
296 1921
296 3159
297 3236
297 3235
297 3238
297 1889
297 3237
298 2076
299 1904
299 3974
300 3136
300 1924
300 3135
300 3134
301 1924
301 3076
301 3074
301 3079
301 3077
301 3080
301 3078
301 3075
302 2098
303 1920
303 3284
304 1883
304 3988
304 3971
304 3970
305 2096
306 3160
306 2260
306 3158
306 1921
306 3159
307 3107
307 3108
307 3109
307 1891
307 3106
308 3978
308 3111
308 3112
308 1883
308 3976
308 3977
308 3975
309 4118
309 4119
309 1904
310 2455
310 2456
310 2454
310 1904
310 2457
311 4344
311 1932
311 4334
311 4337
311 4336
311 4335
312 1888
312 3213
312 3212
312 3214
312 3215
313 1915
313 3961
313 3960
314 2215
314 1952
315 5239
315 1920
315 4507
315 4639
315 4125
315 4128
315 4127
315 4126
315 5238
316 2085
317 3261
317 3260
317 3262
317 1974
317 3263
318 1881
318 3192
318 3191
319 3188
319 1883
319 3189
319 3165
319 3164
320 1924
320 2292
320 2291
320 2289
320 2290
320 2294
320 2296
320 2295
320 2293
321 1924
321 3221
321 3079
321 3080
321 3222
321 3220
321 3219
322 2283
322 2284
322 1892
322 2281
322 2282
323 1952
323 3193
324 3086
324 3073
324 3083
324 1955
324 3082
324 3084
324 3085
325 3139
325 3138
325 3140
325 1883
325 3137
325 3141
325 3142
326 1960
327 1924
328 2098
329 1972
330 2098
331 1882
332 1888
332 3099
333 3107
333 3108
333 3109
333 1891
333 3106
334 2098
335 5001
335 2426
335 2427
335 4983
335 2106
336 3344
336 3343
336 3345
336 1898
336 3342
337 3315
337 1924
337 3316
338 4661
338 1969
339 1884
339 3072
340 3143
340 3145
340 3147
340 3144
340 1939
340 3146
340 3105
340 3148
341 1997
341 3234
342 5001
342 4927
342 2800
342 2106
342 2799
343 1878
344 2372
344 4380
344 2373
344 1873
345 2034
346 2372
346 4380
346 2373
346 1873
347 4116
347 2098
347 4115
348 2098
348 2808
348 2807
349 3107
349 3108
349 3109
349 1891
349 3106
350 3208
350 1903
350 3206
350 3202
350 3204
350 3207
350 3205
350 3203
351 1863
352 2041
353 2032
353 4448
353 4447
354 4258
354 4193
354 4194
354 4195
354 4192
354 1889
354 4257
355 1997
355 3166
356 5272
356 2032
357 1997
357 3166
358 3187
358 3183
358 3186
358 3185
358 3184
358 1964
359 2664
359 2661
359 2662
359 2663
359 1889
359 2660
360 1889
361 1918
362 2673
362 1902
362 2658
362 2674
362 2666
362 2659
362 2657
363 1891
363 2379
363 2378
364 1997
364 3166
365 3352
365 3350
365 1904
365 4214
365 4213
366 2658
366 2659
366 1902
366 2657
367 3270
367 1888
367 3269
367 3268
367 3271
368 4211
368 4206
368 4208
368 4209
368 1938
368 4207
368 4210
369 2383
369 2380
369 2382
369 1883
369 2381
370 2098
371 1898
371 4065
372 2818
372 2824
372 2827
372 2817
372 4552
372 2828
372 4931
372 4656
372 2829
372 4553
372 2825
372 2823
372 2826
372 1858
372 2830
373 2148
373 1904
373 2149
374 1904
375 1857
376 2691
376 1904
376 2707
376 2690
376 2689
376 2708
377 2815
377 2098
377 2813
377 2816
377 4499
377 5078
377 2814
378 3952
378 4344
378 3951
378 1932
378 3950
378 3953
378 3954
378 3955
379 2413
379 2098
379 2414
379 2415
379 2416
380 1861
381 2065
381 5453
382 1861
383 1924
383 3277
383 3278
383 3281
383 3074
383 3079
383 3080
383 3279
383 3276
383 3274
383 3282
383 3283
383 3280
383 3275
384 1966
385 1900
385 2384
386 1904
387 2098
388 2112
388 3333
388 3332
389 1904
389 2412
390 2832
390 4552
390 4931
390 2833
390 4656
390 2836
390 2837
390 2831
390 2838
390 4553
390 2834
390 2840
390 1858
390 2839
390 2835
391 1889
392 2796
392 2789
392 2797
392 2098
392 2792
392 2794
392 2795
392 2788
392 2793
392 2790
392 2791
393 4097
393 1904
393 4095
393 4094
393 4096
394 2857
394 1904
394 2855
394 2858
394 2856
395 1904
396 1904
396 2821
396 2822
397 1924
398 1961
399 2810
399 2098
399 2819
399 5077
399 2811
399 2812
399 4498
399 2820
400 1904
401 1904
402 1942
402 3990
403 2398
403 2402
403 2403
403 2404
403 2401
403 2098
403 2406
403 2400
403 2405
403 2399
403 2407
404 1904
405 2865
405 2866
405 1904
405 2864
405 2862
405 2861
405 5368
405 2863
406 2841
406 2098
406 2842
406 2843
406 2844
406 2850
406 2848
406 2846
406 2849
406 2845
406 2847
407 4022
407 4023
407 1949
407 4024
408 2396
408 1904
408 2394
408 2397
408 2395
409 1904
410 4139
410 4138
410 1899
411 1954
411 3980
411 3981
412 2886
412 2883
412 2885
412 1904
412 2884
413 2876
413 2868
413 2872
413 2874
413 2098
413 2869
413 2867
413 2873
413 2870
413 2875
413 2871
414 5373
414 5375
414 5372
414 5257
414 1904
414 5374
415 2098
416 2880
416 2879
416 1904
416 2878
416 2877
417 2100
418 3382
418 2006
418 3383
419 1904
420 1861
421 4098
421 4100
421 4101
421 1861
421 4099
422 5176
422 1904
422 2891
422 4400
423 2721
423 1912
424 5176
424 2126
424 1904
424 4400
425 3330
425 1989
425 3331
425 3329
425 3334
426 2889
426 2890
426 5273
426 1904
426 2888
426 2887
427 5176
427 1904
427 2893
427 4400
428 5176
428 2892
428 1904
428 4400
429 2785
429 1861
429 2784
429 2786
429 2783
430 3397
430 3400
430 3398
430 1936
430 3399
431 1860
432 3458
432 1995
433 1861
434 4146
434 4147
434 4159
434 4148
434 1889
435 3459
435 2110
436 4810
436 4795
436 4791
436 4786
436 4800
436 4818
436 4787
436 4803
436 5252
436 4799
436 4804
436 4805
436 4790
436 4806
436 4796
436 4798
436 2854
436 4820
436 4821
436 2852
436 4814
436 4793
436 4812
436 1904
436 4838
436 2851
436 4807
436 4809
436 4792
436 4387
436 4802
436 4815
436 4788
436 4808
436 2853
436 4817
436 4797
436 4811
436 4801
436 4813
436 4785
436 4789
436 4816
436 4819
436 4794
437 1904
438 3593
438 3591
438 3592
438 1904
438 3495
438 3430
439 1904
440 1920
440 4160
440 4162
440 4161
440 4163
441 5122
441 2409
441 2410
441 5059
441 2411
441 1861
441 2408
442 1904
443 3209
443 3210
443 1899
443 3224
443 3211
444 2108
444 4671
445 3486
445 3484
445 3487
445 1904
445 3485
445 3430
446 2009
447 3223
447 1951
448 4678
448 4675
448 4676
448 1882
448 4679
448 4674
448 4677
449 1904
450 1973
450 4410
451 1904
452 2024
452 4057
453 1904
454 4728
454 2032
454 4730
454 2127
454 2128
455 2047
455 4504
455 5191
456 2267
456 2265
456 2268
456 2266
456 1991
457 3243
457 1884
457 3244
457 3242
457 3241
458 1904
459 1884
459 5203
459 5532
459 5371
460 2247
460 1973
461 1884
461 5203
461 5425
461 5639
462 1971
462 3273
463 1967
463 3240
464 3200
464 1909
464 3201
465 1884
465 5203
465 5535
465 5369
466 3228
466 3226
466 1925
466 3225
466 3227
467 1886
468 3425
468 3424
468 3423
468 1873
469 3216
469 3254
469 1916
469 3218
469 3245
469 3217
470 2901
470 2894
470 2900
470 2899
470 1885
471 2098
471 4340
471 4386
472 2201
472 2202
472 2200
472 2203
472 1928
473 1884
473 5203
474 3394
474 3393
474 1887
475 1884
475 5203
476 3421
476 1884
476 3395
476 3422
476 3420
476 3419
477 1997
477 3433
477 3358
477 3432
477 3431
478 3294
478 3255
478 3295
478 1904
478 3296
479 1997
479 2501
479 2500
480 4029
480 1924
480 4028
480 4027
480 4030
480 4026
480 4025
481 3368
481 1887
482 4042
482 4043
482 4037
482 4038
482 2024
482 4041
482 4040
482 4039
483 4059
483 4060
483 1884
483 4061
483 4058
484 3376
484 3378
484 3377
484 1889
485 3320
485 3322
485 1884
485 3321
486 1944
487 2469
487 1973
488 3348
488 1929
488 3349
489 3408
489 1904
490 5220
490 1904
491 4652
491 5273
491 1904
491 4653
492 4889
492 5124
492 2105
492 4980
492 5619
492 5466
492 5123
493 1995
493 2191
493 2192
493 2193
493 2194
494 3522
494 3521
494 1884
494 3523
494 3520
495 3505
495 3488
495 1889
496 2103
497 4054
497 2220
497 1887
498 2221
498 2220
498 1887
499 3939
499 1933
499 3940
499 3938
499 3937
500 3357
500 1997
500 3346
500 3356
500 3358
501 1873
501 3511
502 1883
502 2495
503 1876
504 1977
504 3230
504 3229
504 3231
505 2233
505 2232
505 1963
505 2234
506 3257
506 3258
506 1883
506 3259
506 3256
507 1959
508 3967
508 1904
508 3966
508 3968
508 3969
509 3223
509 1951
510 2204
510 2109
511 1994
511 3413
511 3414
511 3412
512 4882
512 2098
512 4777
512 4880
512 4881
513 1884
513 3272
514 2570
514 2908
514 4341
514 2635
514 2576
514 2804
514 3989
514 4353
514 4375
514 4366
514 2580
514 2578
514 2907
514 2575
514 4348
514 2573
514 1972
514 4378
514 4346
514 4345
514 4347
514 4357
514 2574
514 2571
514 4354
514 2572
514 2577
514 2636
515 1887
515 2252
516 4157
516 4158
516 1975
517 2024
517 3402
517 3401
517 3403
518 4658
518 2098
518 5690
518 4727
519 1924
520 2312
520 1883
520 2313
520 2311
521 3947
521 3949
521 3948
521 1887
522 3239
522 1971
523 4005
523 1971
523 4006
524 1997
524 2510
525 1931
526 3223
526 1951
527 3359
527 3360
527 3361
527 1889
528 2592
528 2593
528 1957
529 2278
529 2279
529 2280
529 1917
530 3472
530 1955
531 2590
531 1884
531 2591
532 2263
532 1884
532 2262
533 2261
533 1971
533 2253
534 1887
535 1954
535 4571
535 4572
536 1927
537 4011
537 1887
538 5455
538 5062
538 1899
539 2768
539 2771
539 2765
539 5323
539 4760
539 2760
539 4762
539 2758
539 2764
539 2762
539 2775
539 2767
539 2774
539 2770
539 2776
539 4763
539 4759
539 2777
539 2759
539 2766
539 2772
539 2763
539 1883
539 2769
539 4757
539 2761
539 4761
539 2773
539 4758
540 4941
540 4939
540 1883
540 4938
540 4935
540 4936
540 4937
540 4940
540 5305
541 2103
541 4922
541 4923
541 5301
541 4921
541 5594
541 4592
542 2098
542 4886
542 4932
542 4887
543 4975
543 2919
543 2914
543 2928
543 2918
543 2927
543 2915
543 2924
543 2912
543 5467
543 2922
543 2027
543 2921
543 2926
543 4976
543 2930
543 2923
543 4977
543 2911
543 2917
543 2920
543 5333
543 4974
543 4979
543 4978
543 2916
543 4973
543 2929
543 2913
543 2925
543 5261
544 4775
544 1951
544 5065
544 5066
545 4389
545 1883
545 4557
545 4391
545 4556
545 4390
545 4555
546 1924
547 5479
547 4614
547 5385
547 5381
547 4994
547 2033
547 3746
547 5020
547 5021
548 4691
548 1889
549 1884
549 4012
549 4018
550 1945
550 5034
550 5032
550 5033
551 2103
551 5301
551 4921
551 5594
551 4592
552 4734
552 2027
552 5261
553 4542
553 4535
553 2103
554 1883
554 5261
555 1924
555 4755
555 4752
555 4753
555 4754
556 5411
556 1992
556 4497
557 2121
557 1929
558 1994
558 5444
558 5424
559 4871
559 4870
559 1973
560 2039
560 5212
561 5304
561 1951
561 5497
562 4614
562 5385
562 5423
562 4994
562 2033
562 3746
562 5020
562 5479
562 5021
562 5384
563 5104
563 2024
563 5106
563 5105
563 5102
563 5103
564 3483
564 3498
564 1884
564 3497
564 3482
565 4890
565 1951
566 2024
566 5402
566 4559
566 4560
567 4614
567 5022
567 5423
567 2033
567 3746
567 5020
567 5021
567 5636
567 5384
568 1994
568 4778
569 5479
569 4614
569 5017
569 5016
569 5015
569 5276
569 2033
569 3746
569 5018
569 5019
569 5020
569 5021
570 3543
570 1884
571 5098
571 5097
571 1889
572 1893
573 5263
573 5262
573 1904
573 5265
574 4853
574 4823
574 4822
574 4832
574 4412
574 4829
574 4834
574 4836
574 4833
574 4825
574 1972
574 4406
574 4830
574 4831
574 4828
574 4835
574 4826
574 4413
574 4824
574 4827
575 5036
575 5096
575 5000
575 2019
576 5043
576 5044
576 5045
576 5051
576 1973
577 4781
577 4846
577 4780
577 1973
577 4845
578 4614
578 5268
578 2033
578 3746
578 5658
578 5020
578 5479
578 5267
578 5021
579 3500
579 3502
579 2079
579 3501
579 3499
580 1893
581 4924
581 1963
581 5399
581 4554
581 5400
581 4963
582 2014
582 5364
583 4525
583 4524
583 2103
584 2678
584 1970
584 2680
584 2679
584 2677
585 5661
585 1883
585 5353
585 5048
585 5047
586 2024
586 4529
587 5434
587 5435
587 2068
587 5436
588 4774
588 1973
588 4773
589 2024
589 4934
590 5617
590 1938
590 5692
590 4383
590 4384
591 2039
591 5212
592 3608
592 2079
592 3621
592 3609
592 3610
593 1893
594 2024
594 4998
595 2024
595 4998
595 5607
596 1972
596 5112
596 5113
597 1994
597 4010
598 4750
598 4749
598 2019
599 1965
599 5386
599 5093
600 4996
600 1958
601 1893
602 1893
603 2014
603 4419
603 4382
604 1930
604 4906
604 4909
604 4907
604 5573
604 5687
604 4908
605 1883
605 4573
606 5286
606 1975
607 4377
607 5490
607 2003
608 2024
608 5591
608 5347
608 4451
609 5304
609 1951
610 1994
610 5410
610 5409
610 5408
611 4863
611 4867
611 4865
611 5629
611 4864
611 2037
611 4866
611 4862
612 4859
612 4860
612 1982
612 4861
613 5014
613 2052
614 2024
614 4471
615 1930
615 4912
615 4914
615 4913
615 5650
615 4911
615 5702
615 4910
616 5342
616 5601
616 1963
616 5546
617 5480
617 5653
617 4694
617 2052
617 4695
618 5111
618 5110
618 5121
618 4534
618 4621
618 4612
618 2038
618 5120
619 5645
619 1963
619 5578
619 5540
619 5454
619 5678
619 5282
619 5583
619 2946
620 1894
620 4766
620 4765
621 5695
621 5669
621 2024
621 4955
621 4956
621 4958
621 4954
621 4959
622 4456
622 5708
622 5580
622 2003
622 5531
622 5119
622 5659
623 2090
624 4699
624 1894
625 5479
625 4614
625 5423
625 4613
625 5495
625 2033
625 3746
625 5020
625 5021
625 5384
626 2024
626 4616
626 5101
626 4872
627 5542
627 2071
627 4505
628 1884
628 5725
628 4428
628 4427
629 2002
629 4843
629 4842
629 4841
629 4844
630 2115
630 5463
630 4729
631 2042
631 4508
631 5533
632 5479
632 4614
632 2033
632 3746
632 5020
632 5021
632 5360
633 2024
633 4736
633 4735
633 4737
634 1894
634 5404
634 5686
635 2184
635 2183
635 1871
636 4185
636 4186
636 4184
636 2025
636 4183
637 2003
638 1947
638 4187
639 5587
639 5660
639 4407
639 4601
639 1984
640 4550
640 2024
640 4549
640 4551
640 4547
640 5611
640 4548
641 2033
641 5361
641 5560
642 4349
642 1984
642 4756
643 2024
643 4683
643 4685
643 4684
644 5011
644 1973
645 1970
645 4066
645 4414
646 2004
647 1884
647 5053
647 5605
648 3544
648 1933
649 2726
649 1994
650 5443
650 1963
650 5596
651 3598
651 3595
651 3597
651 2017
651 3596
652 3632
652 1926
653 4918
653 1988
653 2367
654 4943
654 2037
654 4942
654 5603
655 2113
655 5515
655 4715
656 2013
656 4489
656 4488
657 2039
657 4596
657 4597
658 2013
658 4490
658 5564
658 5569
658 4491
659 2594
659 1933
660 1884
660 4082
660 4083
660 4092
661 4244
661 4245
661 1973
662 5181
662 5178
662 2090
663 4247
663 1933
663 4246
663 4248
663 4249
664 2950
664 4631
664 4703
664 1932
665 5327
665 1957
665 4992
666 1976
666 4950
666 5486
667 2471
667 2470
667 1902
668 5579
668 4698
668 1902
669 1964
669 3635
670 5516
670 1902
670 4697
671 4009
671 2032
672 2027
672 4072
672 4075
672 4076
672 4073
672 4074
672 5334
673 2581
673 1884
674 2224
674 1884
675 4771
675 4929
675 4988
675 2058
676 1884
677 2242
677 1963
677 2241
677 2240
677 2239
678 2452
678 1973
679 2036
679 4232
680 3385
680 1962
681 4426
681 2017
681 5172
681 4577
681 4630
682 5681
682 5354
682 5358
682 2007
682 5439
682 5676
682 5448
683 2355
683 2354
683 2019
684 3310
684 2019
685 1884
685 5248
685 5247
686 1884
686 5248
686 5247
687 3859
687 4169
687 4145
687 4143
687 1973
687 4144
688 2353
688 1950
689 3489
689 1997
689 3490
690 5630
690 5088
690 2026
691 5321
691 4576
691 1932
691 4575
692 1887
693 3634
693 1972
693 3633
694 1950
694 3297
695 5709
695 1884
695 5054
696 4166
696 1995
696 4168
696 4167
696 4165
697 5331
697 5549
697 5227
697 1884
697 4893
697 5240
697 5329
697 5328
698 4229
698 4231
698 4230
698 1884
698 4228
699 3301
699 1904
699 3300
699 3298
699 3299
699 3303
700 3449
700 1973
701 1963
701 3452
701 3451
701 3450
701 3453
702 2103
702 3418
702 3416
702 3415
702 3417
703 4395
703 4425
703 2017
704 5026
704 5029
704 5028
704 1884
704 5025
704 5027
705 1963
705 5618
705 5570
705 5284
705 5641
706 2583
706 2585
706 1884
706 2582
706 2584
707 1924
707 4035
708 2453
708 2032
709 3589
709 1871
710 3347
710 2012
711 5162
711 1963
712 1997
713 2181
713 1904
714 2043
715 3314
715 3311
715 1904
715 3312
715 3313
716 3341
716 2019
717 4587
717 4589
717 1976
717 4586
717 5682
717 4588
717 4585
718 4164
718 2019
719 1994
719 5280
719 5558
720 2566
720 2567
720 1933
720 2568
720 2569
721 1933
721 3661
721 3660
721 3659
721 3658
722 2024
722 4961
722 4962
723 3666
723 3665
723 1887
723 3664
724 2180
724 2156
724 2003
725 2475
725 2472
725 1982
725 2556
726 2449
726 2450
726 1887
726 2451
727 3455
727 3454
727 1887
727 3456
727 3457
728 3666
728 3665
728 1887
728 3664
729 2013
730 5264
730 1884
730 4839
730 5513
731 3306
731 3307
731 3305
731 3302
731 2014
732 3340
732 2019
733 3309
733 1962
733 3308
734 1976
734 3474
735 4081
735 4084
735 4920
735 2035
736 1994
736 2553
737 1887
738 3266
738 3265
738 1884
738 3264
738 3267
739 2024
739 3649
739 3648
739 3650
740 2014
740 2216
740 2217
741 2024
741 2172
741 2171
742 3666
742 3665
742 1887
742 3664
743 2496
743 2025
743 2499
743 2497
743 2498
744 4154
744 4156
744 1995
744 4153
744 4155
745 2199
745 2103
746 1997
746 3572
747 4493
747 4492
747 2054
747 5673
747 5638
748 3623
748 1973
749 3246
749 1973
749 3247
750 3381
750 3380
750 2019
751 2154
751 2155
751 1871
752 1930
752 4062
752 4063
753 1934
753 5719
753 2246
753 2244
753 5643
753 2245
753 5506
754 2014
754 4055
754 4056
754 4052
755 1963
755 4723
755 4720
755 4721
755 4722
756 3492
756 3494
756 1904
756 3299
756 3493
756 5094
756 3491
757 3715
757 2110
757 3714
757 3716
758 3252
758 3622
758 1889
759 3404
759 3407
759 3405
759 2110
759 3406
760 1884
760 4078
760 4077
761 2113
761 2490
762 2024
762 3562
762 3561
763 2008
763 4738
764 2024
764 5398
765 1997
766 4171
766 1883
766 4170
767 4174
767 4172
767 4178
767 4175
767 4180
767 1871
767 4179
767 4173
768 2024
768 5118
768 5459
769 2024
769 3992
769 3991
770 1868
771 3446
771 2019
772 2115
772 4338
772 4350
772 4416
773 3304
773 1884
774 1884
775 1884
776 5013
776 1884
776 5561
776 5228
776 5465
777 2230
777 2231
777 2229
777 1884
777 2228
778 3436
778 3437
778 3435
778 3440
778 3443
778 3442
778 3438
778 3434
778 3441
778 2003
778 3439
779 1973
780 1916
780 3663
781 1884
781 3426
782 4558
782 1889
783 3079
783 1924
783 3074
783 3080
784 3557
784 3558
784 2020
784 3559
784 3560
784 3556
785 5163
785 2090
786 3604
786 1884
786 3603
787 4225
787 4251
787 4227
787 4226
787 4223
787 1964
787 4250
787 4224
788 1983
789 3630
789 3629
789 3625
789 3627
789 1871
789 3628
789 3631
789 3624
789 3626
790 2473
790 1902
790 2474
791 4008
791 4007
791 1973
792 2018
792 2685
793 2115
793 4466
794 1947
794 3473
795 5326
795 1962
796 3657
796 3656
796 3599
796 2019
797 3444
797 1902
798 4079
798 4080
798 2017
799 2024
799 5359
800 3533
800 3534
800 3532
800 1973
801 1904
802 3446
802 3445
802 2019
803 4712
803 5550
803 5691
803 4713
803 1964
804 2103
805 3604
805 1884
805 3603
806 5722
806 5270
806 2073
807 2024
807 3919
808 2024
808 4663
809 1904
809 2352
810 2686
810 2687
810 2103
811 1882
812 2596
812 2036
813 1973
813 3698
814 3310
814 2019
815 3489
815 1997
815 3490
816 4651
816 4647
816 4649
816 4648
816 2054
816 4650
817 1997
818 2163
818 1914
818 2164
818 2162
818 2161
819 5446
819 5445
819 1882
820 2683
820 1924
820 2681
820 2682
820 2684
821 1997
822 3594
822 2019
823 4453
823 4455
823 1869
823 4454
824 2103
825 1904
826 4433
826 2038
826 4432
826 4431
827 1884
828 2113
829 5151
829 5148
829 5150
829 5149
829 1914
830 4085
830 1924
830 4091
830 4090
830 4086
830 4088
830 4089
830 4087
831 1902
831 3471
832 2023
833 2011
834 2081
834 4064
835 2057
835 3563
836 4142
836 4140
836 2019
836 4141
836 3504
837 3651
837 2025
837 3653
837 3654
837 3652
838 1871
838 4203
838 4202
839 1995
839 3539
839 3540
839 3541
839 3542
840 4928
840 1884
840 4485
840 4897
841 2024
841 5218
842 3574
842 3576
842 1904
842 3573
842 3575
843 3373
843 3375
843 3374
843 2032
844 3671
844 3669
844 2074
844 3670
844 3668
845 1984
845 3181
846 2219
846 2003
847 2560
847 2558
847 2024
847 2557
847 2559
848 4372
848 1889
849 3707
849 1904
850 1929
850 4031
850 4032
850 3993
850 4033
851 3351
851 3352
851 3350
851 1904
852 2057
852 3563
852 4182
852 4181
853 1882
854 4212
854 1904
854 4204
855 2113
855 5700
855 5213
856 4197
856 4196
856 1889
857 4151
857 1997
857 4150
858 1904
859 3341
859 2019
860 5326
860 1962
861 2024
861 3319
861 3318
862 5165
862 5166
862 1973
863 5002
863 2071
863 5006
863 5003
863 5548
863 5007
863 5008
863 5707
863 5005
863 5004
864 5577
864 2071
864 5209
865 5460
865 4478
865 4480
865 4481
865 5699
865 4477
865 1976
865 4479
865 5632
866 1916
866 4046
867 1932
868 2024
868 4198
868 4199
869 3292
869 1973
870 4048
870 1924
870 4050
870 4049
870 4051
871 2224
871 1884
872 5477
872 5271
872 1963
872 5582
873 3741
873 3739
873 3742
873 3738
873 2038
873 3740
874 2565
874 2564
874 1904
875 5551
875 4991
875 4990
875 5545
875 1884
876 1934
877 3339
877 1924
877 3337
877 3338
877 3336
878 3741
878 3739
878 3742
878 3738
878 2038
878 3740
879 1884
879 4034
879 4044
879 4045
880 1884
881 2536
881 5701
881 2535
881 2533
881 2534
881 5679
881 5642
881 2039
881 5525
882 4286
882 2032
883 1883
884 2350
884 2182
884 2055
884 2349
884 2348
885 4205
885 1904
885 4204
886 3461
886 3463
886 3462
886 1904
886 3460
887 1930
888 4036
888 1973
889 2527
889 2532
889 1973
889 2526
890 4351
890 1962
890 5046
891 3509
891 3510
891 3507
891 3508
891 2019
891 3506
892 3509
892 3510
892 3507
892 3508
892 2019
892 3506
893 3922
893 3921
893 2003
894 1924
895 1959
895 3387
895 3386
896 1959
897 3655
897 2019
898 1971
898 4221
898 4222
899 3253
899 1868
900 1884
900 3580
901 4461
901 2028
902 2113
902 4745
903 2008
903 2809
903 4379
903 2805
903 4368
903 4355
903 2806
903 4356
903 4365
903 3098
904 2048
905 2588
905 2589
905 2587
905 2586
905 1904
906 1871
907 5175
907 1904
908 1871
909 1996
910 1933
911 1904
912 1957
913 2537
913 2019
914 5598
914 2018
914 4220
915 4311
915 4314
915 4313
915 2014
915 4312
916 2222
916 2221
916 1887
916 2264
916 2220
917 1930
917 4177
917 4176
918 2103
918 4021
919 3577
919 2001
919 3578
920 1883
920 3700
921 1904
921 3674
922 2024
922 2158
922 2159
922 2160
923 2067
923 2317
924 3718
924 1902
925 2054
925 5451
925 4711
926 3317
926 2062
927 2157
927 1997
927 4714
928 2602
928 2601
928 2614
928 2613
928 1964
928 2610
928 2605
928 2606
928 2603
928 2609
928 2615
928 2611
928 2616
928 2608
928 2600
928 2612
928 2597
928 2598
928 2599
928 2607
928 2604
929 1924
929 3447
930 4905
930 1984
931 5225
931 1962
931 5046
932 2523
932 2524
932 2520
932 2522
932 2521
932 1964
932 2519
933 3464
933 1883
934 3503
934 1973
935 3389
935 1973
936 1971
936 4570
937 1978
938 3470
938 1902
939 3748
939 2024
939 3749
939 5219
939 3747
940 1964
941 1994
941 2318
942 2236
942 2235
942 1884
942 2237
942 2238
943 1884
944 3579
944 1933
945 2024
945 4664
946 2024
946 4632
947 4149
947 4152
947 1884
947 4082
948 1994
948 3780
949 5009
949 5010
949 2025
950 3310
950 2019
951 1920
951 4117
952 1883
953 3324
953 3326
953 3325
953 3323
953 1871
954 2113
955 1868
956 2024
956 4635
957 3328
957 3327
957 1962
958 2038
959 1887
960 1973
961 4047
961 1973
962 2113
962 4784
963 5336
963 1904
964 1904
965 1904
966 1904
967 1950
968 3791
968 1921
969 3530
969 3531
969 2019
970 1884
970 2178
971 1976
972 1981
973 1973
974 1924
974 4189
974 4190
975 2310
975 1871
976 2478
976 1924
976 2477
976 2476
976 2480
976 2479
977 2019
978 3915
978 1994
978 3581
979 2019
980 1904
981 3824
981 1964
981 3826
981 3825
981 3796
982 4130
982 1883
982 4131
982 4132
982 4129
983 3341
983 2019
984 4680
984 2038
985 2024
985 4219
986 1994
986 3512
987 1959
987 4702
987 4701
987 4700
988 2595
988 2036
989 5413
989 2032
990 1994
990 3512
991 3538
991 1924
991 3536
991 3537
992 5351
992 1997
993 4457
993 1884
993 4458
994 2113
995 5057
995 2032
995 2341
995 4615
996 1904
997 1985
997 3429
997 3428
997 3427
997 3388
998 1982
999 3757
999 3759
999 3758
999 2027
1000 2564
1000 1904
1001 3469
1001 2067
1002 1883
1002 4629
1003 4014
1003 1883
1004 1994
1004 3792
1005 3504
1005 2019
1006 1984
1006 5224
1007 1962
1008 2692
1008 1883
1008 2693
1008 2694
1008 2617
1008 2695
1009 2697
1009 2002
1009 2696
1010 2019
1011 2113
1011 4874
1011 4873
1012 2057
1012 3571
1012 3569
1012 3570
1013 1921
1013 3384
1014 3547
1014 3545
1014 2032
1014 3546
1015 1951
1016 4614
1016 2033
1016 3746
1016 5020
1016 5021
1017 1884
1017 3524
1017 3525
1018 3551
1018 3550
1018 2032
1018 3549
1018 3548
1019 4682
1019 1979
1020 2019
1021 2032
1022 2032
1023 1904
1024 3528
1024 3529
1024 3526
1024 3527
1024 1943
1025 2113
1026 2097
1027 1982
1027 4473
1028 1890
1029 3795
1029 1972
1030 1997
1031 1997
1032 2024
1032 4388
1033 4634
1033 4633
1033 2025
1034 5457
1034 1982
1035 2024
1035 4683
1035 4685
1035 4684
1036 2024
1036 4636
1037 3846
1037 3906
1037 3907
1037 3904
1037 1975
1038 3847
1038 3846
1038 1975
1038 3845
1039 1994
1040 2055
1041 1884
1042 2090
1043 5349
1043 2032
1044 1904
1044 3744
1045 4668
1045 2103
1045 4667
1046 2032
1047 1904
1048 3800
1048 3799
1048 3798
1048 1884
1048 3797
1049 3802
1049 3803
1049 3804
1049 3809
1049 3805
1049 3811
1049 3813
1049 3801
1049 3807
1049 1884
1049 3812
1049 3808
1049 3806
1049 3810
1050 1884
1051 2113
1051 4878
1051 4892
1051 4891
1051 4877
1051 4879
1052 3844
1052 2019
1053 4533
1053 4532
1053 2027
1054 2055
1055 5070
1055 2003
1056 2554
1056 2054
1056 2555
1057 3513
1057 1973
1058 2173
1058 1875
1059 3396
1059 2067
1060 2053
1061 2054
1062 2013
1063 1994
1063 5324
1064 2008
1064 3586
1064 3588
1064 3585
1064 3587
1065 1884
1066 3602
1066 3676
1066 1904
1066 3590
1066 3299
1066 3675
1067 2032
1068 2113
1069 5537
1069 1998
1069 5174
1069 5452
1069 5173
1070 1985
1070 4122
1070 4134
1070 4135
1070 4136
1070 4123
1071 2063
1071 5524
1072 1884
1072 5494
1073 2113
1073 2433
1074 4614
1074 2197
1074 2033
1074 3746
1074 2196
1074 5020
1074 5021
1074 2195
1075 4200
1075 1973
1076 2071
1076 5209
1077 1929
1078 2068
1079 3777
1079 1957
1080 1884
1081 1884
1081 3335
1082 3816
1082 3815
1082 3799
1082 3817
1082 3798
1082 1884
1082 3818
1082 3819
1082 3814
1083 5421
1083 5520
1083 2117
1083 5474
1083 5422
1084 2024
1084 2676
1085 1978
1086 2618
1086 2054
1086 4590
1086 4591
1087 2054
1088 2054
1088 3553
1088 3552
1089 2054
1090 3519
1090 2038
1091 3136
1091 1924
1091 3135
1091 3134
1092 2024
1092 3994
1093 5241
1093 2032
1094 5581
1094 5052
1094 2026
1095 3606
1095 2046
1095 3605
1096 2113
1096 4188
1097 2057
1097 5205
1098 5437
1098 1963
1099 5357
1099 2032
1099 5356
1100 1924
1101 5648
1101 1890
1101 5338
1102 1883
1103 1883
1104 2024
1104 2436
1104 2435
1104 2434
1105 2113
1105 5363
1106 1904
1107 1972
1108 5492
1108 2110
1109 1985
1109 5160
1109 4584
1110 2175
1110 2177
1110 2179
1110 1973
1110 2176
1110 2174
1111 1883
1111 5663
1112 3999
1112 1884
1112 4002
1112 4000
1112 4001
1113 1884
1113 2198
1114 3920
1114 2030
1115 1976
1116 1972
1116 4476
1117 1916
1118 2549
1118 3409
1118 2552
1118 1871
1118 2550
1119 2057
1119 5426
1120 5207
1120 4989
1120 4593
1120 2019
1120 5075
1121 5250
1121 2019
1122 1985
1122 2425
1123 5167
1123 1984
1124 1854
1125 2113
1125 4133
1126 1904
1127 1957
1128 3849
1128 2057
1129 2013
1129 3998
1129 3995
1129 3996
1130 2027
1130 2211
1130 2212
1130 2213
1130 2214
1131 3589
1131 2184
1131 3848
1131 1871
1131 2645
1132 1889
1133 2419
1133 2019
1134 2024
1134 5169
1134 5170
1135 1976
1135 4704
1135 4739
1135 4740
1136 1987
1137 2027
1137 2430
1137 2703
1137 2429
1137 2428
1138 1975
1139 2003
1140 5478
1140 2063
1141 2063
1142 2057
1143 1894
1144 2055
1145 4972
1145 2003
1146 1933
1147 1933
1148 2013
1149 2655
1149 2656
1149 5249
1149 2003
1150 2113
1150 3448
1151 1959
1151 3756
1151 3755
1152 3667
1152 2032
1153 2257
1153 2032
1153 2258
1154 2032
1155 2053
1156 1924
1156 3447
1157 2113
1157 3568
1158 2072
1159 1948
1160 1959
1160 3481
1160 3477
1160 3475
1160 3478
1160 3476
1160 3480
1160 3479
1161 1884
1161 3902
1161 3903
1162 2060
1163 2113
1164 5146
1164 4373
1164 5195
1164 1984
1165 2103
1166 2103
1166 3701
1167 1930
1168 4487
1168 1972
1168 4486
1169 2057
1169 5204
1169 3353
1170 2285
1170 1986
1171 3821
1171 2032
1171 3820
1171 3822
1171 3823
1172 2275
1172 2276
1172 2277
1172 2024
1172 4638
1172 4637
1173 2113
1173 3355
1174 5637
1174 1964
1174 4693
1175 4201
1175 2089
1176 1924
1176 3447
1177 1957
1178 1921
1178 3916
1179 1975
1180 3827
1180 5604
1180 2103
1181 2072
1182 1994
1183 1985
1184 1985
1185 2113
1185 3973
1186 3678
1186 3677
1186 3555
1186 2032
1187 1933
1188 1883
1189 2057
1190 1995
1191 3888
1191 2037
1192 3929
1192 2626
1192 1921
1192 3930
1193 2024
1193 4404
1194 2113
1194 5487
1194 3554
1195 2113
1195 3636
1196 1871
1197 1871
1198 2032
1198 3997
1199 1904
1200 2072
1201 4544
1201 4543
1201 4545
1201 1973
1202 3751
1202 2077
1203 5438
1203 1955
1204 2053
1205 2053
1206 1994
1207 1933
1208 5109
1208 2086
1208 5108
1208 5575
1208 5450
1209 3761
1209 1973
1209 3760
1210 1975
1211 1894
1212 2019
1213 1884
1214 2288
1214 2068
1215 2004
1216 2090
1217 2068
1218 3854
1218 2068
1219 1994
1219 5543
1220 1884
1221 2113
1221 3833
1222 2068
1223 2068
1224 1877
1225 5464
1225 3854
1225 2068
1226 3855
1226 3856
1226 3857
1226 2027
1227 2113
1227 2421
1227 2422
1227 2423
1227 2420
1228 3745
1228 2103
1229 4371
1229 1984
1229 5147
1230 2004
1231 1957
1232 4530
1232 2019
1233 2057
1233 4945
1234 5670
1234 2084
1235 5670
1235 2084
1236 2185
1236 2186
1236 1986
1237 2078
1238 5056
1238 5099
1238 2019
1239 1884
1240 2033
1241 1957
1242 3778
1242 1986
1243 1963
1244 2113
1245 1904
1246 2032
1247 2057
1248 3762
1248 2057
1249 1912
1249 5476
1250 3864
1250 3859
1250 3863
1250 3860
1250 3862
1250 3861
1250 1973
1250 3858
1251 3865
1251 3866
1251 1973
1252 2024
1252 3750
1253 1973
1254 2013
1255 1973
1256 2243
1256 1973
1257 1904
1258 3638
1258 3640
1258 3639
1258 3637
1258 1984
1259 1970
1259 3641
1260 5348
1260 2090
1261 5236
1261 2032
1261 5599
1261 5237
1261 5585
1261 3840
1262 2063
1263 2057
1263 5204
1263 3353
1264 2019
1265 1994
1265 3839
1265 3838
1266 1963
1267 2011
1267 3767
1268 4969
1268 1963
1268 5491
1268 4970
1268 5634
1269 2049
1270 4017
1270 2027
1271 2013
1271 2437
1271 2438
1272 5130
1272 1963
1272 5129
1273 2072
1273 4858
1274 5568
1274 2032
1275 2024
1276 2024
1276 5058
1277 1964
1278 2055
1278 3868
1279 3766
1279 3765
1279 1882
1279 3764
1280 1959
1280 3756
1280 3755
1281 2077
1281 4514
1281 5718
1282 1873
1283 4243
1283 1904
1283 4241
1283 4242
1283 4240
1283 2389
1284 2113
1284 4643
1285 3908
1285 2055
1286 2057
1286 4191
1287 2072
1288 2072
1289 1975
1290 2019
1291 5514
1291 5593
1291 5565
1291 1986
1292 3601
1292 3905
1292 2027
1293 2024
1293 2625
1294 4430
1294 2054
1294 4429
1295 2024
1295 2652
1295 2651
1295 2653
1296 1997
1296 3867
1297 1904
1298 2004
1299 3645
1299 3646
1299 5257
1299 1904
1299 5376
1299 3643
1299 3644
1299 5378
1299 5379
1299 5377
1299 3647
1300 1884
1300 5675
1301 2619
1301 2057
1302 1855
1303 1982
1304 2045
1305 2032
1306 2068
1307 1994
1308 2057
1309 1975
1310 3885
1310 2027
1310 3785
1310 3786
1310 3886
1310 3887
1311 2057
1312 2068
1313 1904
1314 3899
1314 3897
1314 1946
1314 3900
1314 3064
1314 3898
1315 5475
1315 1997
1315 5069
1316 2054
1317 2040
1317 2309
1318 2038
1318 5183
1318 4688
1319 2073
1320 2113
1320 5299
1321 5325
1321 3565
1321 3567
1321 1904
1321 3566
1321 3564
1322 2218
1322 2027
1323 1959
1323 3706
1324 5684
1324 5206
1324 1986
1325 3707
1325 1904
1326 3795
1326 1972
1327 5185
1327 2073
1328 1994
1328 5622
1328 5337
1329 2019
1330 2328
1330 1964
1331 5581
1331 5052
1331 2026
1332 1994
1333 2205
1333 2206
1333 2066
1334 2054
1335 2057
1336 2055
1336 3869
1337 5456
1337 2091
1337 5566
1337 5646
1337 5482
1337 5698
1338 2071
1338 2330
1339 2439
1339 2011
1340 1994
1340 3642
1341 2013
1341 5620
1341 5644
1341 5662
1342 1957
1343 3890
1343 1884
1343 5513
1343 3889
1344 2072
1345 5554
1345 5610
1345 3708
1345 2061
1345 3709
1346 2073
1347 1904
1348 2113
1349 2286
1349 2287
1349 1973
1350 5362
1350 2032
1351 2024
1351 3411
1351 3410
1352 3720
1352 5289
1352 2067
1352 3719
1353 2068
1354 4614
1354 2033
1354 3746
1354 5020
1354 5021
1354 5290
1355 2032
1356 5508
1356 3781
1356 2061
1356 5624
1357 3782
1357 2032
1358 3876
1358 1955
1359 1884
1360 5428
1360 2075
1361 4876
1361 2032
1361 4875
1362 1994
1362 3584
1362 3581
1363 2444
1363 1984
1364 2711
1364 2710
1364 2712
1364 1973
1365 1884
1366 2068
1367 2068
1368 2032
1369 2032
1370 2087
1371 1976
1371 3774
1371 3773
1372 3762
1372 2057
1373 1985
1373 3932
1373 3931
1373 3933
1374 2709
1374 1934
1375 2063
1376 3891
1376 3892
1376 1964
1377 4450
1377 5530
1377 2087
1377 4449
1378 3985
1378 2019
1379 1890
1379 2316
1380 2032
1381 5519
1381 1889
1382 1986
1383 4332
1383 4331
1383 1890
1383 3752
1383 4333
1384 1890
1384 3979
1385 5350
1385 2032
1386 2032
1387 3672
1387 3673
1387 1982
1388 2013
1389 2033
1390 2021
1391 2103
1392 2024
1392 5615
1393 2011
1393 2314
1393 2315
1394 1884
1395 2064
1396 1982
1397 2080
1397 3743
1398 5557
1398 3794
1398 2073
1399 3836
1399 1973
1400 4583
1400 4582
1400 1986
1400 5567
1400 4581
1400 4580
1401 2015
1402 5689
1402 2288
1402 2068
1403 5635
1403 2067
1403 4322
1403 5723
1403 5631
1403 4323
1403 5671
1403 4321
1403 5666
1403 4324
1403 4374
1404 2024
1404 5245
1404 5244
1405 2054
1405 4666
1406 5085
1406 5645
1406 1963
1406 5087
1406 5578
1406 5540
1406 5454
1406 5678
1406 5083
1406 5086
1406 5583
1406 5082
1406 5084
1407 1964
1407 2441
1408 3763
1408 2036
1409 2073
1410 2073
1411 5480
1411 2052
1411 4869
1411 5449
1411 4696
1412 4964
1412 2944
1412 4965
1412 2945
1412 1964
1413 3535
1413 3727
1413 3723
1413 3726
1413 2054
1413 3724
1413 3725
1414 4320
1414 2032
1414 5481
1415 5626
1415 1951
1415 5498
1416 4267
1416 2032
1417 5335
1417 2073
1418 4501
1418 2037
1418 4502
1419 2113
1419 3923
1419 3924
1420 5133
1420 5125
1420 5126
1420 2027
1421 2013
1422 4317
1422 1973
1422 4318
1423 5674
1423 5292
1423 2073
1424 2334
1424 2117
1424 2331
1424 2333
1424 2332
1425 3837
1425 2084
1426 2247
1426 1973
1427 3926
1427 3925
1427 2032
1428 2013
1429 2671
1429 2027
1429 5609
1429 5716
1429 2672
1430 4093
1430 1904
1431 2055
1431 3832
1432 3728
1432 4837
1432 1984
1432 4503
1433 3770
1433 5683
1433 3771
1433 1963
1433 5496
1433 5541
1433 3772
1434 5285
1434 2057
1435 3702
1435 1932
1435 3705
1435 3704
1435 3703
1436 2071
1436 5209
1437 2024
1437 5042
1438 2037
1438 3775
1438 3776
1439 3893
1439 2032
1440 4733
1440 4732
1440 1934
1441 4484
1441 2037
1442 2037
1442 4121
1443 5511
1443 2063
1443 5574
1444 2081
1444 2688
1445 3877
1445 3793
1445 2070
1446 1921
1446 3895
1447 5640
1447 5625
1447 5107
1447 1921
1447 5231
1447 5253
1447 5232
1447 5211
1448 3828
1448 2032
1449 2019
1450 4013
1450 4982
1450 2019
1451 2113
1451 2336
1451 2335
1452 3731
1452 3730
1452 2030
1452 3732
1452 3729
1453 2073
1454 1951
1455 1890
1455 5338
1455 5688
1456 1890
1456 2316
1457 2113
1458 3910
1458 3909
1458 1973
1459 4620
1459 5064
1459 1973
1460 3911
1460 2084
1461 3852
1461 2084
1462 2083
1463 3912
1463 2068
1464 1957
1465 3584
1465 3583
1465 3582
1465 1994
1465 3581
1466 5365
1466 1986
1467 4443
1467 4444
1467 2019
1468 4655
1468 5595
1468 2019
1469 5345
1469 2116
1470 2308
1470 2032
1471 1871
1472 2103
1472 3701
1473 1904
1473 3917
1473 3943
1473 3944
1473 3918
1474 2027
1475 2084
1475 3851
1475 3850
1476 3852
1476 2084
1477 3734
1477 2024
1477 3736
1477 3733
1477 3735
1478 3762
1478 2057
1479 4930
1479 2003
1480 3853
1480 2084
1481 2713
1481 1975
1482 3831
1482 2022
1482 3901
1482 5703
1482 5647
1483 3946
1483 1986
1484 4672
1484 4673
1484 2075
1485 2113
1485 5534
1485 3829
1485 3830
1486 2063
1487 4003
1487 4020
1487 4019
1487 1973
1488 2024
1488 3737
1489 3787
1489 3788
1489 3789
1489 2027
1490 4888
1490 1887
1491 5590
1491 2026
1491 3942
1492 2113
1492 3934
1493 4614
1493 2033
1493 3746
1493 5020
1493 5021
1493 5384
1494 4748
1494 2003
1495 5555
1495 4352
1495 2019
1496 2054
1496 4919
1497 5144
1497 2032
1497 5145
1497 5079
1498 3835
1498 1986
1498 3913
1498 3834
1498 3914
1499 2024
1499 4411
1500 2054
1501 2440
1501 2027
1502 5285
1502 2057
1503 2424
1503 2032
1504 2024
1504 3941
1505 2717
1505 1963
1505 2720
1505 2716
1505 2719
1505 2718
1506 1924
1506 3447
1507 2027
1508 3935
1508 3936
1508 2003
1509 4770
1509 5616
1509 4783
1509 4782
1509 2118
1509 5538
1509 5677
1510 2327
1510 2117
1510 2325
1510 2324
1510 2323
1510 2326
1511 5469
1511 5613
1511 5507
1511 1973
1511 5556
1512 4329
1512 1920
1512 4330
1513 3721
1513 1994
1513 3722
1514 4578
1514 5652
1514 2073
1515 5030
1515 2019
1516 2443
1516 1957
1516 2442
1517 2021
1517 5571
1517 4768
1517 4769
1517 4767
1517 5528
1517 5712
1518 2024
1519 2024
1519 2254
1519 2256
1519 2255
1520 4110
1520 4102
1520 2037
1521 5157
1521 5155
1521 5156
1521 5154
1521 5153
1521 2075
1522 2024
1522 2625
1522 3717
1523 3753
1523 2117
1523 2331
1523 2332
1523 3779
1524 5201
1524 2030
1525 2099
1526 3768
1526 3769
1526 1973
1527 3884
1527 3883
1527 2003
1528 4460
1528 2032
1528 4459
1529 1959
1529 3662
1530 2113
1530 4901
1530 4900
1530 4903
1530 4902
1530 2342
1530 4904
1530 4899
1530 4898
1531 2040
1532 3945
1532 2040
1533 2054
1534 2103
1535 4004
1535 2026
1536 2024
1536 4719
1537 2056
1538 2113
1538 4523
1539 3882
1539 2057
1540 2040
1541 5040
1541 5697
1541 1963
1541 5041
1541 5521
1542 5210
1542 1984
1542 5483
1543 1963
1543 5713
1543 4600
1543 4599
1543 5547
1544 4993
1544 1963
1545 4598
1545 1963
1546 3783
1546 1984
1546 5485
1547 1867
1548 2024
1548 4997
1548 5705
1549 2024
1549 3784
1550 2347
1550 2032
1551 5572
1551 2063
1552 5291
1552 5621
1552 1973
1553 1994
1553 2351
1554 2053
1555 1883
1556 1861
1556 4517
1557 4662
1557 2054
1557 4981
1558 5412
1558 5370
1558 2103
1558 5420
1558 4724
1558 4725
1558 4726
1559 2103
1559 4439
1559 4437
1559 4440
1559 4438
1560 4515
1560 1904
1560 4516
1561 1937
1562 5562
1562 1994
1562 5269
1563 5116
1563 5114
1563 1982
1563 5115
1564 5503
1564 4916
1564 2071
1565 5503
1565 4916
1565 2071
1566 2071
1566 2330
1567 5667
1567 5143
1567 2024
1567 5142
1567 5141
1567 5140
1567 5139
1567 5471
1568 2113
1568 4687
1568 4686
1569 2113
1569 5484
1570 2081
1571 4971
1571 5704
1571 2026
1572 4706
1572 4707
1572 1883
1572 4705
1573 5297
1573 5298
1573 2003
1574 5031
1574 1884
1575 4316
1575 4305
1575 4315
1575 2003
1576 5493
1576 5038
1576 5039
1576 1963
1576 5468
1576 5462
1576 5131
1577 2075
1578 2779
1578 2778
1578 1883
1578 2780
1579 2115
1579 4944
1580 2004
1580 4984
1581 4527
1581 2003
1582 4933
1582 4528
1582 2025
1583 4618
1583 4617
1583 2003
1584 4540
1584 5432
1584 2025
1584 4747
1585 5024
1585 4741
1585 1883
1585 4708
1585 4442
1586 5177
1586 4579
1586 1926
1587 1990
1588 1994
1588 5229
1588 5230
1589 2781
1589 2782
1589 5127
1589 2103
1590 5536
1590 5161
1590 5668
1590 2103
1591 4474
1591 5518
1591 2058
1592 2782
1592 2103
1592 5223
1593 5159
1593 4776
1593 5158
1593 2027
1594 4642
1594 1883
1594 4641
1594 4640
1595 4690
1595 1984
1595 4689
1596 2753
1596 2755
1596 1883
1596 2754
1596 2757
1596 2756
1597 2115
1597 5612
1597 5233
1598 4947
1598 4948
1598 4949
1598 2003
1599 2027
1600 2081
1601 1862
1602 1972
1602 5433
1602 4603
1603 2085
1604 2147
1604 2145
1604 2019
1605 1922
1606 2069
1606 5164
1606 5499
1607 2152
1607 1883
1607 2153
1608 2168
1608 2170
1608 2068
1609 2910
1609 2122
1609 2068
1610 4847
1610 2037
1610 5132
1611 5313
1611 5312
1611 2068
1612 5586
1612 2068
1612 5278
1613 5306
1613 2084
1613 5559
1614 1864
1615 1985
1615 4574
1616 2113
1616 4483
1616 5623
1616 4482
1617 1972
1617 4957
1617 4968
1617 4966
1617 4967
1618 4359
1618 1972
1618 4360
1619 2024
1619 5242
1619 5243
1620 2024
1620 5080
1620 5081
1621 4067
1621 2056
1622 1985
1623 5049
1623 5050
1623 2003
1624 1963
1624 5584
1624 5576
1624 5060
1624 5061
1625 4562
1625 5216
1625 2036
1625 5522
1625 5597
1626 2003
1627 1883
1628 2036
1629 2071
1629 4915
1629 5589
1630 5414
1630 5396
1630 5397
1630 5394
1630 2079
1630 5415
1630 5417
1630 5419
1630 5416
1630 5395
1630 5418
1631 2005
1632 2113
1632 4692
1633 4385
1633 2103
1634 5339
1634 2003
1635 1859
1636 2371
1636 1895
1637 5260
1637 5706
1637 1982
1638 1860
1639 1856
1640 1888
1641 1888
1641 4281
1641 5529
1642 2516
1642 2538
1642 2517
1642 1921
1642 2515
1643 4284
1643 1904
1643 4282
1643 4283
1643 4285
1644 1976
1644 4925
1645 4403
1645 4405
1645 1982
1646 4654
1646 2011
1647 1888
1647 3161
1647 3163
1647 3162
1647 3190
1648 1995
1648 2390
1648 2392
1648 2391
1648 2393
1649 4546
1649 2032
1650 3107
1650 3108
1650 3109
1650 1891
1650 3106
1651 2259
1651 1921
1651 2260
1652 1861
1653 2735
1653 2734
1653 1904
1653 2733
1653 2732
1654 2738
1654 2737
1654 2741
1654 2736
1654 1863
1654 2739
1654 2740
1655 5068
1655 5226
1655 5067
1655 5401
1655 4475
1655 1863
1656 1897
1657 2418
1657 4605
1657 2417
1657 2098
1657 4607
1657 4606
1657 4608
1658 1968
1659 4624
1659 4622
1659 2024
1659 4744
1659 5602
1659 4742
1659 4743
1659 5710
1659 4623
1660 2701
1660 1904
1661 4850
1661 1883
1661 4852
1661 4851
1661 4849
1662 2004
1662 2947
1662 2948
1663 4472
1663 4665
1663 4367
1663 5214
1663 2004
1664 4319
1664 2025
1665 1884
1665 5063
1666 4520
1666 1883
1666 4521
1666 4519
1666 4522
1666 4518
1667 4595
1667 5246
1667 1975
1668 1883
1669 2081
1670 1985
1670 5330
1671 1985
1671 2949
1672 3025
1672 3026
1672 1910
1673 4531
1673 1952
1674 4217
1674 1902
1674 4218
1674 4215
1674 4233
1674 4216
1674 4234
1675 1863
1676 3041
1676 1906
1676 3039
1676 3040
1676 3038
1677 1959
1677 5352
1678 5188
1678 5187
1678 1882
1678 5186
1679 4840
1679 5168
1679 4441
1679 1884
1679 4506
1679 5055
1679 5074
1680 2004
1680 2906
1681 1963
1681 5489
1681 5527
1681 5179
1681 5180
1682 1865
1683 2897
1683 2895
1683 2896
1683 2898
1683 1861
1684 1861
1685 1904
1685 2787
1686 1904
1687 1904
1688 2859
1688 2860
1688 2881
1688 2882
1688 1861
1689 1861
1690 1904
1690 2518
1691 3291
1691 3249
1691 3250
1691 3248
1691 3293
1691 1884
1691 3251
1691 3290
1692 1904
1693 2525
1693 1887
1694 3233
1694 3232
1694 2103
1695 1924
1696 2226
1696 1924
1696 2225
1696 2227
1697 1933
1697 3982
1698 1977
1698 3230
1698 3229
1699 3370
1699 1887
1699 3371
1699 3372
1699 3369
1700 1951
1700 5215
1700 5302
1701 4564
1701 4565
1701 4566
1701 4424
1701 2031
1701 4563
1702 1903
1702 3363
1702 3362
1702 3366
1702 3365
1702 3364
1703 1924
1703 2562
1703 2561
1703 2563
1704 4261
1704 4262
1704 1909
1704 4260
1705 4015
1705 3984
1705 3983
1705 1994
1705 4016
1706 1953
1706 3367
1707 1924
1707 3287
1707 3286
1707 3288
1707 3289
1708 2933
1708 2103
1708 2942
1708 2939
1708 2938
1708 2940
1708 2941
1708 2931
1708 2934
1708 2935
1708 2932
1708 2943
1708 2936
1708 2937
1709 1904
1709 4053
1710 1894
1710 5608
1710 4764
1711 1932
1711 4342
1711 5544
1711 4343
1711 5488
1712 4883
1712 4884
1712 2032
1713 5501
1713 4995
1713 2090
1714 4953
1714 2019
1715 5281
1715 1963
1715 5526
1715 5726
1716 3697
1716 3696
1716 2025
1717 2539
1717 2008
1717 2540
1717 2541
1718 2544
1718 2542
1718 2543
1718 2546
1718 2545
1718 1884
1719 1994
1719 2548
1719 2547
1720 1959
1720 3695
1721 2032
1722 1932
1723 2113
1724 5341
1724 5606
1724 1963
1724 5552
1725 3518
1725 1884
1725 2228
1725 2231
1726 2549
1726 2552
1726 2551
1726 1871
1726 2550
1727 2113
1727 3379
1728 2199
1728 2103
1729 2008
1729 4779
1730 2019
1731 1884
1732 1994
1732 3691
1733 2037
1734 1900
1734 4746
1735 5614
1735 2063
1736 2011
1736 3928
1737 2019
1738 4885
1738 2071
1738 5665
1739 3690
1739 3688
1739 3689
1739 1889
1740 5137
1740 5138
1740 2190
1740 2003
1741 5285
1741 2057
1742 3762
1742 2057
1742 5721
1742 5553
1742 5654
1743 2432
1743 2431
1743 5711
1743 1973
1743 5539
1744 2057
1744 4731
1745 5367
1745 5366
1745 1986
1746 1909
1746 3699
1747 2105
1747 4402
1748 2113
1748 4495
1748 4494
1749 2013
1749 5406
1749 5405
1750 2113
1750 2433
1751 2083
1752 1963
1752 5447
1752 5633
1752 5283
1752 5657
1753 5442
1753 1963
1753 5592
1753 5628
1753 5655
1754 1884
1754 5053
1754 5605
1755 4105
1755 4104
1755 4102
1755 4106
1755 2037
1755 4103
1756 4619
1756 5505
1756 2058
1757 2645
1757 1871
1758 2024
1758 4960
1759 3684
1759 3686
1759 1933
1759 3687
1759 3685
1760 2959
1760 2037
1760 2905
1760 2951
1761 1997
1761 3468
1761 3467
1761 3465
1761 3466
1762 4985
1762 1900
1762 4987
1762 4986
1763 2024
1763 4627
1763 4625
1763 4626
1764 5128
1764 4602
1764 5680
1764 5694
1764 2081
1765 5072
1765 2037
1765 5071
1766 1884
1766 2647
1766 2646
1767 2224
1767 1884
1768 4496
1768 5649
1768 2000
1769 4604
1769 1972
1770 1902
1770 4697
1771 5693
1771 5502
1771 5717
1771 2054
1771 5504
1772 2073
1773 2223
1773 2103
1774 5427
1774 2019
1775 1973
1775 3496
1776 4408
1776 5672
1776 2054
1776 5715
1776 4409
1777 2072
1778 2189
1778 1986
1779 4536
1779 1982
1780 4561
1780 2025
1781 2460
1781 2458
1781 2459
1781 1871
1782 3285
1782 3252
1782 1889
1783 2024
1783 2159
1783 2665
1783 2160
1784 1972
1785 3693
1785 2024
1785 3692
1785 3607
1785 3611
1786 2054
1787 4107
1787 4109
1787 4108
1787 2114
1788 1889
1789 5134
1789 5012
1789 2075
1790 4614
1790 2033
1790 3746
1790 5020
1790 5021
1790 5290
1791 2024
1791 2514
1792 2024
1792 4120
1793 3754
1793 2103
1794 5300
1794 2103
1795 1984
1795 5095
1796 4710
1796 5664
1796 3842
1796 2019
1797 2329
1797 1975
1798 2713
1798 1975
1799 1980
1800 2711
1800 2710
1800 1973
1801 4609
1801 4611
1801 4610
1801 1973
1802 3837
1802 2084
1803 3843
1803 2084
1804 2113
1804 4644
1805 3354
1805 4446
1805 4445
1805 1884
1805 4681
1806 4124
1806 1956
1807 2024
1807 4998
1808 4822
1808 4855
1808 1972
1808 4856
1808 4823
1808 4830
1808 4824
1808 4829
1808 2376
1808 4854
1808 2377
1808 5322
1809 1963
1809 3694
1810 2461
1810 2017
1811 2187
1811 2054
1811 2188
1812 2011
1812 3841
1813 3515
1813 2027
1813 3514
1813 3517
1813 3600
1813 3601
1813 3516
1814 2027
1815 3707
1815 1904
1816 2113
1816 3390
1816 3391
1816 3392
1817 1975
1817 3845
1818 2068
1818 4309
1818 5696
1818 4308
1818 4310
1818 4306
1818 4307
1819 2024
1819 2514
1820 3987
1820 3986
1820 1934
1821 2024
1821 3617
1822 3613
1822 3612
1822 3710
1822 3614
1822 1884
1822 3711
1822 3712
1822 3713
1823 1890
1823 3752
1824 2103
1825 1904
1825 3620
1826 3616
1826 3615
1826 2038
1826 3618
1826 3619
1827 4717
1827 1869
1827 4718
1828 2057
1828 2698
1829 1884
1829 4500
1830 3896
1830 5517
1830 1964
1831 2032
1831 2699
1832 5685
1832 2088
1832 4657
1833 4594
1833 2057
1833 5472
1834 3753
1834 2117
1834 2331
1834 2333
1834 2332
1835 1963
1835 5618
1835 2700
1835 5500
1835 5470
1836 5351
1836 1997
1837 5294
1837 5296
1837 5295
1837 2054
1837 5293
1838 1889
1839 4452
1839 4645
1839 4646
1839 2019
1840 4456
1840 5708
1840 5580
1840 2003
1840 5531
1840 4358
1840 5659
1841 2655
1841 2656
1841 5249
1841 2003
1842 1883
1843 5651
1843 2073
1843 3790
1844 1959
1845 4669
1845 1963
1845 4670
1846 2003
1847 1904
1848 2103
1849 2113
1849 5509
1850 2071
1850 4915
1850 5589
1851 4716
1851 2003
1852 1994
1852 5254
1853 2057
5728 5731
5728 5733
5728 5737
5729 5734
5729 5737
5730 5735
5730 5736
5730 5732
5738 5740
5739 5741
5742 5760
5743 5761
5744 5762
5745 5763
5746 5764
5747 5765
5748 5766
5749 5767
5750 5768
5751 5769
5752 5770
5753 5772
5753 5771
5754 5773
5755 5774
5756 5775
5757 5776
5758 5777
5759 5778
5779 5841
5779 5840
5780 5843
5781 5841
5782 5845
5782 5846
5783 5841
5784 5840
5785 5840
5786 5843
5787 5840
5788 5840
5789 5840
5790 5840
5791 5840
5792 5840
5793 5840
5794 5840
5795 5840
5796 5840
5797 5840
5798 5840
5799 5841
5800 5840
5801 5841
5802 5840
5803 5840
5804 5841
5805 5840
5806 5841
5807 5840
5808 5840
5809 5843
5810 5841
5811 5840
5812 5842
5813 5840
5814 5840
5815 5841
5816 5841
5817 5843
5818 5844
5819 5840
5820 5840
5821 5841
5822 5841
5823 5840
5824 5840
5825 5840
5826 5841
5827 5840
5828 5840
5829 5840
5830 5841
5831 5841
5832 5841
5833 5840
5834 5842
5835 5843
5836 5840
5837 5840
5838 5840
5839 5840
