# Nodes: 3429
0 3208
0 1093
0 3087
0 3110
0 1620
0 3083
0 3112
1 1614
1 2558
1 1093
1 3083
2 3107
2 1093
2 3083
3 1138
3 1089
3 1139
4 2539
4 1107
4 2540
5 1262
5 1098
5 1261
6 3123
6 3124
6 1093
7 2537
7 1098
7 2538
8 1148
8 1110
8 1147
9 1256
9 1110
9 1257
10 1133
10 1131
10 1103
11 1117
11 1115
11 1110
12 1130
12 1110
12 1129
12 1128
12 1127
13 1129
13 1110
13 1128
14 1258
14 1110
14 1259
15 1269
15 1093
15 1268
15 1270
15 1271
15 1267
16 1093
16 1615
16 3083
16 1616
17 1099
17 3000
18 1111
19 2896
19 1102
20 1122
20 1107
20 1123
21 1213
21 1110
21 1124
21 3134
22 1104
22 3094
22 3093
23 2525
23 1121
23 1110
24 3201
24 1096
25 1619
25 1098
25 1618
26 1261
26 1098
26 1262
27 1133
27 1131
27 1103
28 1133
28 1131
28 1103
29 1116
29 1115
29 1110
30 1476
30 1104
30 1477
30 1479
30 1478
31 2639
31 1102
32 2569
32 1098
33 1104
33 1661
33 1660
33 1659
34 3233
34 3156
34 1110
34 3157
35 3366
35 3158
35 3159
35 1110
36 2602
36 2604
36 2601
36 1089
36 2603
37 1096
37 1436
38 3033
38 1107
39 1107
39 3183
40 3127
40 3069
40 1099
41 3150
41 3149
41 1110
41 3326
42 3155
42 1103
43 1100
43 2902
44 3152
44 1110
44 3151
45 3152
45 3261
45 1110
45 3151
46 3371
46 3156
46 1110
46 3157
47 3374
47 3161
47 1110
47 3160
48 3150
48 3291
48 1110
48 3149
49 3148
49 1103
50 1110
50 3118
51 3148
51 1103
52 1098
52 2568
52 3162
53 1098
53 2568
53 3162
54 1137
54 1136
54 1110
55 1117
55 1116
55 1110
56 1211
56 1212
56 1103
57 3070
57 3071
57 1102
58 3152
58 1110
58 3151
59 3154
59 3153
59 1110
60 3155
60 1103
61 2624
61 2623
61 2625
61 2626
61 1087
62 2921
62 2922
62 2627
62 2646
62 1087
63 3154
63 3153
63 1110
64 2602
64 2604
64 2601
64 1089
64 2603
65 2408
65 1093
65 3076
66 3161
66 1110
66 3160
66 3302
67 1111
68 1110
68 3118
69 3125
69 1110
69 3309
70 1098
70 2695
70 2968
70 2542
70 2648
71 3154
71 3153
71 1110
72 3338
72 3158
72 3159
72 1110
73 3208
73 1540
73 1093
73 2647
74 1539
74 1093
74 2567
75 2917
75 1107
75 2851
76 2569
76 1098
77 2597
77 2599
77 2598
77 1090
77 2600
78 1104
78 3017
78 3018
79 1104
79 3015
79 3016
80 1693
80 1689
80 1674
80 1690
80 1692
80 1691
80 1694
80 1673
80 1675
80 1087
80 1695
81 3077
81 1093
81 3176
82 1132
82 1110
82 1124
83 1126
83 1110
83 1125
84 1133
84 1131
84 1103
85 1261
85 1098
85 1260
86 1489
86 1492
86 1493
86 1491
86 1490
86 1087
87 1678
87 1688
87 1676
87 1687
87 1686
87 1677
87 1087
88 3202
88 1093
88 1542
88 1541
89 1087
90 1724
90 1718
90 1722
90 1090
90 1719
90 1721
90 1723
90 1720
91 2502
91 2505
91 1087
91 2504
91 2503
92 1698
92 1705
92 1704
92 1699
92 1087
93 1672
93 1087
94 2364
94 2363
94 1489
94 2362
94 2361
94 1087
95 1664
95 1665
95 1104
95 1666
95 1667
95 1663
96 1671
96 1669
96 1670
96 1087
96 1668
97 1715
97 1714
97 3177
97 1713
97 1095
97 1716
98 2508
98 2507
98 2506
98 2509
98 1087
99 1727
99 1725
99 1728
99 1726
99 1089
100 1089
100 1482
100 1481
100 1483
100 1484
101 2523
101 2524
101 2522
101 2521
101 1087
102 1681
102 1680
102 1087
102 1679
103 1684
103 1683
103 1093
103 1685
103 1682
104 1242
104 1243
104 1244
104 1241
104 1087
105 1092
106 1701
106 1089
106 1703
106 1702
106 1697
106 1700
106 1696
107 1093
108 1710
108 1188
108 1711
108 1712
108 1090
108 1185
108 1709
109 1092
110 1091
111 1237
111 1235
111 1234
111 1236
111 1087
112 1094
112 2476
113 1167
113 1093
113 1170
113 1169
113 1168
114 1087
115 1747
115 1745
115 1093
115 1746
115 1748
116 2258
116 2245
116 1093
117 1112
118 3219
118 1089
118 3203
118 3220
119 2572
119 1104
119 2570
119 2573
119 2571
120 1091
121 2498
121 2499
121 2501
121 1090
121 2496
121 2500
121 2497
122 2486
122 1096
123 1112
124 1104
124 1717
124 1707
124 1708
124 1706
124 2783
125 1247
125 1093
125 1250
125 1248
125 1249
126 3046
126 3072
126 3074
126 1089
126 3045
126 3075
126 3073
127 1094
127 1337
127 1336
127 1333
127 1335
127 1334
127 1332
128 1094
129 2295
129 1094
130 1094
131 1091
132 1094
132 1785
132 1786
132 1789
132 1783
132 1788
132 1790
132 1817
132 1787
132 1784
132 1816
133 1091
134 1740
134 1741
134 1104
134 1738
134 1742
134 1744
134 1737
134 1739
134 1743
135 1089
135 1782
136 1091
137 1091
138 1104
138 2556
138 2554
138 2555
139 2285
139 2287
139 1093
139 2286
139 2288
140 1092
141 2487
141 2488
141 2490
141 1088
141 2489
142 1802
142 1760
142 1764
142 1755
142 1766
142 1803
142 1757
142 1807
142 1763
142 1761
142 1771
142 1090
142 1805
142 1806
142 1800
142 1765
142 1794
142 1767
142 1801
142 1799
142 1754
142 1758
142 1798
142 1772
142 1796
142 1769
142 1797
142 1768
142 1795
142 1759
142 1770
142 1756
142 1804
142 1762
143 2482
143 2484
143 1090
143 2483
143 2485
144 1092
145 1752
145 1751
145 1089
145 1753
145 1750
145 1749
146 2479
146 2478
146 2477
146 1092
146 2480
147 1088
148 1091
149 1340
149 1339
149 1341
149 1092
150 1104
150 2718
150 2719
151 1808
151 1089
152 3003
152 3024
152 1106
153 1821
153 1089
153 1819
153 1818
153 1820
154 1385
154 1098
154 1382
154 1392
154 1383
154 1428
154 1390
154 1387
154 1388
154 1384
154 1389
154 1391
154 1429
154 1386
155 1093
156 1831
156 1830
156 1833
156 1092
156 1832
157 1093
157 2297
158 1775
158 1094
158 1774
158 1773
159 1094
159 1732
159 1730
159 1735
159 1733
159 1736
159 1734
159 1731
160 1111
161 1089
161 2305
161 2294
161 2293
162 2301
162 1750
162 1751
162 1089
162 2299
162 2300
162 2298
163 2399
163 2400
163 1093
164 1320
164 1321
164 1319
164 1093
164 1322
165 1814
165 1089
165 1815
165 1792
165 1791
166 1094
166 1223
166 1222
166 1220
166 1221
166 1225
166 1227
166 1226
166 1224
167 1094
167 1824
167 1735
167 1736
167 1825
167 1823
167 1822
168 1778
168 1777
168 1779
168 1089
168 1776
168 1780
168 1781
169 1094
170 1111
171 1098
172 1111
173 1111
174 1888
174 1094
174 1889
175 1090
175 1729
176 1101
176 1829
177 2398
177 1111
177 2397
178 1111
178 1545
178 1544
179 1106
179 2589
179 2588
180 2475
180 2441
180 2442
180 2443
180 2440
180 1092
180 2474
181 1101
181 1793
182 3121
182 1106
183 1101
183 1793
184 1813
184 1809
184 1812
184 1811
184 1810
184 1097
185 1443
185 1440
185 1441
185 1442
185 1092
185 1439
186 1092
187 1101
187 1793
188 1909
188 1907
188 1093
188 2455
188 2454
189 1266
189 1263
189 1265
189 1089
189 1264
190 1111
191 1134
191 1093
191 1135
192 1093
193 1456
193 1093
193 1466
193 1455
193 1454
193 1467
194 1551
194 1111
194 1549
194 1552
194 2618
194 3005
194 1550
195 1291
195 1111
195 1292
195 1293
195 1294
196 1087
197 1087
198 1094
198 1858
198 1859
198 1862
198 1730
198 1735
198 1736
198 1860
198 1857
198 1855
198 1863
198 1864
198 1861
198 1856
199 1093
200 1111
201 1093
201 1290
202 1092
203 1537
203 1530
203 1538
203 1111
203 1533
203 1535
203 1536
203 1529
203 1534
203 1531
203 1532
204 2386
204 1093
204 2384
204 2383
204 2385
205 1573
205 1093
205 1571
205 1574
205 1572
206 1093
207 1093
207 1555
207 1556
208 1094
209 1546
209 1111
209 1553
209 3004
209 1547
209 1548
209 2617
209 1554
210 1093
211 1093
212 1276
212 1280
212 1281
212 1282
212 1279
212 1111
212 1284
212 1278
212 1283
212 1277
212 1285
213 1093
214 1581
214 1582
214 1093
214 1580
214 1578
214 1577
214 3189
214 1579
215 1557
215 1111
215 1558
215 1559
215 1560
215 1566
215 1564
215 1562
215 1565
215 1561
215 1563
216 1274
216 1093
216 1272
216 1275
216 1273
217 1093
218 1602
218 1599
218 1601
218 1093
218 1600
219 1592
219 1584
219 1588
219 1590
219 1111
219 1585
219 1583
219 1589
219 1586
219 1591
219 1587
220 3194
220 3196
220 3193
220 3111
220 1093
220 3195
221 1111
222 1596
222 1595
222 1093
222 1594
222 1593
223 1093
224 1087
225 2387
225 2389
225 2390
225 1087
225 2388
226 3066
226 1093
226 1607
226 2557
227 3066
227 1118
227 1093
227 2557
228 1605
228 1606
228 3122
228 1093
228 1604
228 1603
229 3066
229 1093
229 1609
229 2557
230 3066
230 1608
230 1093
230 2557
231 1526
231 1087
231 1525
231 1527
231 1524
232 1087
233 2415
233 2416
233 2422
233 2417
233 1092
234 2818
234 2803
234 2799
234 2794
234 2808
234 2826
234 2795
234 2811
234 3108
234 2807
234 2812
234 2813
234 2798
234 2814
234 2804
234 2806
234 1570
234 2828
234 2829
234 1568
234 2822
234 2801
234 2820
234 1093
234 2845
234 1567
234 2815
234 2817
234 2800
234 2549
234 2810
234 2823
234 2796
234 2816
234 1569
234 2825
234 2805
234 2819
234 2809
234 2821
234 2793
234 2797
234 2824
234 2827
234 2802
235 1093
236 2079
236 2077
236 2078
236 1093
236 2008
236 1959
237 1093
238 3036
238 1287
238 1288
238 2989
238 1289
238 1087
238 1286
239 1093
240 1999
240 1997
240 2000
240 1093
240 1998
240 1959
241 1826
241 1095
242 1093
243 1099
243 2563
244 1093
245 1104
245 2356
246 1093
247 2757
247 1106
247 2758
247 1119
247 1120
248 1836
248 1090
248 1837
248 1835
248 1834
249 1093
250 1090
250 3078
250 3270
250 3192
251 1201
251 1099
252 1090
252 3078
252 3216
252 3333
253 1090
253 3078
253 3272
253 3190
254 1111
254 2526
254 2548
255 1090
255 3078
256 1938
256 1937
256 1091
257 1090
257 3078
258 1956
258 1090
258 1939
258 1957
258 1955
258 1954
259 1101
259 1962
259 1915
259 1961
259 1960
260 1874
260 1845
260 1875
260 1093
260 1876
261 1101
261 1344
261 1343
262 2335
262 1094
262 2334
262 2333
262 2336
262 2332
262 2331
263 1919
263 1091
264 2345
264 2346
264 2340
264 2341
264 1104
264 2344
264 2343
264 2342
265 2358
265 2359
265 1090
265 2360
265 2357
266 1927
266 1929
266 1928
266 1092
267 1892
267 1894
267 1090
267 1893
268 1326
268 1099
269 1943
269 1093
270 3086
270 1093
271 2714
271 3122
271 1093
271 2715
272 2029
272 2028
272 1090
272 2030
272 2027
273 2014
273 2001
273 1092
274 1112
275 2355
275 1177
275 1091
276 1178
276 1177
276 1091
277 1914
277 1101
277 1906
277 1913
277 1915
278 1089
278 1342
279 1190
279 1189
279 1096
279 1191
280 1847
280 1848
280 1089
280 1849
280 1846
281 2290
281 1093
281 2289
281 2291
281 2292
282 1826
282 1095
283 1100
283 1948
283 1949
283 1947
284 2878
284 1111
284 2788
284 2876
284 2877
285 1090
285 1854
286 1382
286 1619
286 2527
286 1428
286 1388
286 1543
286 2306
286 2533
286 2544
286 2541
286 1392
286 1390
286 1618
286 1387
286 2531
286 1385
286 1098
286 2546
286 2529
286 2528
286 2530
286 2535
286 1386
286 1383
286 2534
286 1384
286 1389
286 1429
287 1091
287 1202
288 1104
288 1941
288 1940
288 1942
289 2717
289 1111
289 3353
289 2756
290 1094
291 1231
291 1089
291 1232
291 1230
292 2282
292 2284
292 2283
292 1091
293 1101
293 1345
294 1826
294 1095
295 1916
295 1917
295 1918
295 1092
296 1402
296 1090
296 1403
297 1209
297 1090
297 1208
298 1091
299 2320
299 1091
300 1509
300 1512
300 1506
300 3163
300 2779
300 1501
300 2781
300 1499
300 1505
300 1503
300 1516
300 1508
300 1515
300 1511
300 1517
300 2782
300 2778
300 1518
300 1500
300 1507
300 1513
300 1504
300 1089
300 1510
300 2776
300 1502
300 2780
300 1514
300 2777
301 2913
301 2911
301 1089
301 2910
301 2907
301 2908
301 2909
301 2912
301 3147
302 1112
302 2899
302 2900
302 3144
302 2898
302 3305
302 2669
303 1111
303 2881
303 2905
303 2882
304 2944
304 1630
304 1625
304 1639
304 1629
304 1638
304 1626
304 1635
304 1623
304 3237
304 1633
304 1105
304 1632
304 1637
304 2945
304 1641
304 1634
304 2946
304 1622
304 1628
304 1631
304 3169
304 2943
304 2948
304 2947
304 1627
304 2942
304 1640
304 1624
304 1636
304 3113
305 2786
305 1095
305 2994
305 2995
306 2551
306 1089
306 2662
306 2553
306 2661
306 2552
306 2660
307 1094
308 2734
308 1092
309 1090
309 2321
309 2327
310 1112
310 3144
310 2898
310 3305
310 2669
311 2760
311 1105
311 3113
312 2649
312 2645
312 1112
313 1089
313 3113
314 1094
314 2775
314 2772
314 2773
314 2774
315 1100
315 3228
315 3215
316 2867
316 2866
316 1099
317 3146
317 1095
317 3254
318 3028
318 1104
318 3030
318 3029
318 3026
318 3027
319 1996
319 2011
319 1090
319 2010
319 1995
320 2884
320 1095
321 1104
321 3207
321 2664
321 2665
322 1100
322 2789
323 2042
323 1090
324 3022
324 3021
324 1092
325 3115
325 3114
325 1093
325 3117
326 2856
326 2831
326 2830
326 2840
326 2565
326 2837
326 2842
326 2844
326 2841
326 2833
326 1098
326 2560
326 2838
326 2839
326 2836
326 2843
326 2834
326 2566
326 2832
326 2835
327 2969
327 3020
327 2957
327 1103
328 2975
328 2976
328 2977
328 2982
328 1099
329 2791
329 2849
329 2790
329 1099
329 2848
330 2901
330 1096
330 3205
330 2659
330 3206
330 2933
331 2638
331 2637
331 1112
332 3341
332 1089
332 3182
332 2979
332 2978
333 1104
333 2641
334 3222
334 3223
334 1110
334 3224
335 2785
335 1099
335 2784
336 1104
336 2906
337 1104
337 2956
338 1104
338 2956
338 3316
339 1098
339 3031
339 3032
340 1100
340 2319
341 2771
341 2770
341 1103
342 1089
342 2666
343 2545
343 3249
343 1102
344 1104
344 3303
344 3178
344 2590
345 3146
345 1095
346 1100
346 3211
346 3210
346 3209
347 2861
347 2865
347 2863
347 3328
347 2862
347 1107
347 2864
347 2860
348 1104
348 2605
349 3175
349 3310
349 1096
349 3279
350 3335
350 1096
350 3295
350 3275
350 3231
350 3350
350 3130
350 3298
350 1657
351 3356
351 3346
351 1104
351 2925
351 2926
351 2928
351 2924
351 2929
352 2592
352 3361
352 3296
352 1102
352 3269
352 3035
352 3340
353 1104
353 2685
353 3025
353 2868
354 1090
354 3372
354 2575
354 2574
355 1104
355 2762
355 2761
355 2763
356 1161
356 1160
356 1088
357 1102
358 2657
358 1104
358 2656
358 2658
358 2654
358 3318
358 2655
359 1104
359 2729
359 2731
359 2730
360 2958
360 1099
361 1090
361 2983
361 3314
362 1480
362 1100
363 3227
363 1096
363 3307
364 2915
364 1107
364 2914
364 3312
365 1113
365 3263
365 2746
366 1090
366 2372
366 2373
366 2381
367 2470
367 2471
367 1099
368 1097
368 2106
369 2318
369 1106
370 1105
370 2365
370 2368
370 2369
370 2366
370 2367
370 3170
371 1393
371 1090
372 1181
372 1090
373 1090
374 1199
374 1096
374 1198
374 1197
374 1196
375 1317
375 1099
376 1255
376 1254
376 1103
377 1883
377 1103
378 1090
378 3104
378 3103
379 1090
379 3104
379 3103
380 2236
380 2424
380 2414
380 2412
380 1099
380 2413
381 2002
381 1101
381 2003
382 1091
383 2105
383 1098
383 2104
384 3362
384 1090
384 2984
385 3168
385 3281
385 3089
385 1090
385 2887
385 3097
385 3167
385 3166
386 2463
386 2465
386 2464
386 1090
386 2462
387 1880
387 1093
387 1879
387 1877
387 1878
387 1881
388 1977
388 1099
389 1096
389 1980
389 1979
389 1978
389 1981
390 1112
390 1953
390 1951
390 1950
390 1952
391 2962
391 2965
391 2964
391 1090
391 2961
391 2963
392 1096
392 3321
392 3293
392 3132
392 3334
393 1395
393 1397
393 1090
393 1394
393 1396
394 1094
394 2338
395 1318
395 1106
396 2075
396 1088
397 3059
397 1096
398 1101
399 1159
399 1093
400 1887
400 1884
400 1093
400 1885
400 1886
401 1905
401 1103
402 2423
402 1103
403 1100
403 3128
403 3288
404 1104
404 2931
404 2932
405 2122
405 2121
405 1091
405 2120
406 1158
406 1142
406 1102
407 1314
407 1315
407 1091
407 1316
408 1983
408 1982
408 1091
408 1984
408 1985
409 2122
409 2121
409 1091
409 2120
410 3116
410 1090
410 2846
410 3262
411 1904
411 1103
412 1100
412 1370
413 1091
414 1852
414 1851
414 1090
414 1850
414 1853
415 1104
415 2115
415 2114
415 2116
416 1104
416 1151
416 1150
417 2122
417 2121
417 1091
417 2120
418 1166
418 1112
419 1101
419 2065
420 2614
420 2613
420 1108
420 3348
420 3332
421 2095
421 1099
422 1838
422 1099
422 1839
423 1932
423 1931
423 1103
424 1140
424 1141
424 1088
425 1096
425 2752
425 2749
425 2750
425 2751
426 2005
426 2007
426 1093
426 1878
426 2006
426 3019
426 2004
427 1844
427 2094
427 1092
428 1090
428 2371
428 2370
429 1113
429 1338
430 1104
430 2055
430 2054
431 1104
431 3204
432 1101
433 2426
433 1089
433 2425
434 2429
434 2427
434 2431
434 2430
434 2433
434 1088
434 2432
434 2428
435 1104
435 3034
435 3232
436 1104
436 2308
436 2307
437 1974
437 1103
438 1882
438 1090
439 1090
440 1090
441 2959
441 1090
441 3289
441 3090
441 3236
442 1187
442 1188
442 1186
442 1090
442 1185
443 1965
443 1966
443 1964
443 1969
443 1972
443 1971
443 1967
443 1963
443 1970
443 1102
443 1968
444 1099
445 1090
445 1958
446 2663
446 1092
447 1735
447 1094
447 1730
447 1736
448 2086
448 1090
448 2085
449 2459
449 2473
449 2461
449 2460
449 2457
449 1097
449 2472
449 2458
450 2102
450 2101
450 2097
450 2099
450 1088
450 2100
450 2103
450 2096
450 2098
451 2317
451 2316
451 1099
452 2119
452 2118
452 2081
452 1103
453 1104
453 3186
454 2036
454 2037
454 2035
454 1099
455 1093
456 1974
456 1973
456 1103
457 2743
457 3282
457 3354
457 2744
457 1097
458 1112
459 2086
459 1090
459 2085
460 1104
460 2269
461 1104
461 2721
462 1093
462 1253
463 1452
463 1453
463 1112
464 1099
464 2136
465 1883
465 1103
466 2002
466 1101
466 2003
467 2713
467 2709
467 2711
467 2710
467 1108
467 2712
468 1101
469 1450
469 1094
469 1448
469 1449
469 1451
470 1101
471 2080
471 1103
472 1112
473 1093
474 1090
475 1113
476 2374
476 1094
476 2380
476 2379
476 2375
476 2377
476 2378
476 2376
477 1109
477 2056
478 2411
478 2409
478 1103
478 2410
478 2013
479 1088
479 2450
479 2449
480 2903
480 1090
480 2610
480 2888
481 1104
481 3084
482 2067
482 2069
482 1093
482 2066
482 2068
483 1924
483 1926
483 1925
483 1106
484 1176
484 1102
485 1376
485 1374
485 1104
485 1373
485 1375
486 2543
486 1092
487 2139
487 1093
488 1908
488 1909
488 1907
488 1093
489 1109
489 2056
489 2435
489 2434
490 2453
490 1093
490 2451
491 1113
491 3359
491 3082
492 2445
492 2444
492 1092
493 2420
493 1101
493 2419
494 1093
495 1905
495 1103
496 1104
496 1891
496 1890
497 3060
497 3061
497 1099
498 1104
498 2446
498 2447
499 1872
499 1099
500 2350
500 1094
500 2352
500 2351
500 2353
501 1181
501 1090
502 3244
502 3120
502 1096
502 3297
503 1381
503 1380
503 1093
504 3283
504 2953
504 2952
504 3278
504 1090
505 1903
505 1094
505 1901
505 1902
505 1900
506 1090
506 2337
506 2347
506 2348
507 1090
508 2495
508 1106
509 1089
510 2452
510 1093
510 2451
511 1987
511 1989
511 1988
511 1093
511 1986
512 2339
512 1099
513 1356
513 1357
513 1099
513 1355
514 2018
514 2019
514 2016
514 2017
514 1103
514 2015
515 2018
515 2019
515 2016
515 2017
515 1103
515 2015
516 2271
516 2270
516 1102
517 1094
518 2117
518 1103
519 1090
519 2070
520 1113
520 2768
521 1400
521 1401
521 1399
521 1398
521 1093
522 1088
523 3065
523 1093
524 1088
525 1093
526 1358
526 1103
527 1179
527 1178
527 1091
527 1210
527 1177
528 1112
528 2330
529 1089
529 2137
530 1093
530 2124
531 1104
531 1144
531 1145
531 1146
532 1108
532 3230
532 2742
533 1143
533 1101
533 2745
534 1409
534 1408
534 1421
534 1420
534 1097
534 1417
534 1412
534 1413
534 1410
534 1416
534 1422
534 1418
534 1423
534 1415
534 1407
534 1419
534 1404
534 1405
534 1406
534 1414
534 1411
535 1094
535 1975
536 1352
536 1353
536 1349
536 1351
536 1350
536 1097
536 1348
537 1990
537 1089
538 2012
538 1099
539 1933
539 1099
540 2160
540 1104
540 2161
540 3085
540 2159
541 1097
542 1100
542 1233
543 1193
543 1192
543 1090
543 1194
543 1195
544 1090
545 1104
545 2722
546 1104
546 2697
547 2418
547 2421
547 1090
547 2372
548 1100
548 2177
549 1883
549 1103
550 1089
551 1896
551 1898
551 1897
551 1895
551 1088
552 1113
553 1104
553 2698
554 1091
555 1099
556 2349
556 1099
557 1113
557 2792
558 3171
558 1093
559 1093
560 1093
561 1093
562 2033
562 2034
562 1103
563 1090
563 1156
564 1099
565 1094
565 2437
565 2438
566 1229
566 1088
567 1329
567 1094
567 1328
567 1327
567 1331
567 1330
568 1103
569 2266
569 1100
569 2071
570 1103
571 1093
572 2215
572 1097
572 2217
572 2216
572 2187
573 2404
573 1089
573 2405
573 2406
573 2403
574 1905
574 1103
575 1104
575 2456
576 1100
576 2020
577 3213
577 1106
578 1100
578 2020
579 2041
579 1094
579 2039
579 2040
580 3181
580 1101
581 2593
581 1090
581 2594
582 1113
583 2987
583 1106
583 1245
583 2684
584 1093
585 2164
585 2166
585 2165
585 1105
586 1380
586 1093
587 1089
587 2696
588 2323
588 1089
589 1100
589 2185
590 2013
590 1103
591 1457
591 1089
591 1458
591 1459
591 1424
591 1460
592 1103
593 1113
593 2870
593 2869
594 1109
594 2064
594 2062
594 2063
595 2045
595 2043
595 1106
595 2044
596 1095
597 1090
597 2031
597 2032
598 2049
598 2048
598 1106
598 2047
598 2046
599 1103
600 1106
601 1106
602 1093
603 1113
604 2186
604 1098
605 1101
606 1101
607 1104
607 2550
608 1104
608 2729
608 2731
608 2730
609 1104
609 2699
610 1100
611 1090
612 3179
612 1106
613 1093
613 2157
614 2725
614 1112
614 2724
615 1106
616 1093
617 2191
617 2190
617 2189
617 1090
617 2188
618 2193
618 2194
618 2195
618 2200
618 2196
618 2202
618 2204
618 2192
618 2198
618 1090
618 2203
618 2199
618 2197
618 2201
619 1090
620 1113
620 2874
620 2886
620 2885
620 2873
620 2875
621 2228
621 1103
622 2644
622 2643
622 1105
623 2997
623 1102
624 1371
624 1108
624 1372
625 2021
625 1099
626 1108
627 1100
627 3164
628 1090
629 2084
629 2126
629 1093
629 2076
629 1878
629 2125
630 1106
631 1113
632 1090
632 3252
633 1113
633 1308
634 2448
634 1099
635 1110
636 1090
637 1090
637 1899
638 2207
638 2206
638 2190
638 2208
638 2189
638 1090
638 2209
638 2210
638 2205
639 1104
639 1447
640 1425
640 1108
640 2667
640 2668
641 1108
642 1108
642 2051
642 2050
643 1108
644 1775
644 1094
644 1774
644 1773
645 1104
645 2309
646 3098
646 1106
647 1113
647 2436
648 1109
648 3080
649 3225
649 1096
650 3185
650 1106
650 3184
651 1094
652 1089
653 1089
654 1104
654 1311
654 1310
654 1309
655 1113
655 3188
656 1093
657 1098
658 1153
658 1155
658 1157
658 1099
658 1154
658 1152
659 1089
659 3342
660 2311
660 1090
660 2314
660 2312
660 2313
661 1090
661 1165
662 1098
662 2606
663 1366
663 1944
663 1369
663 1088
663 1367
664 1109
664 3217
665 3081
665 2951
665 2670
665 1103
665 3002
666 3106
666 1103
667 1113
667 2407
668 1093
669 2230
669 1109
670 1105
670 1171
670 1172
670 1173
670 1174
671 2075
671 1161
671 2229
671 1088
671 1430
672 1092
673 1297
673 1103
674 1104
674 3063
674 3064
675 1105
675 1305
675 1465
675 1304
675 1303
676 1102
677 1109
678 2941
678 1102
679 1437
679 1438
679 3105
679 1102
680 1113
680 1976
681 2123
681 1106
682 1206
682 1106
682 1207
683 1106
684 1094
684 1975
685 1113
685 2061
686 1090
686 2260
686 2261
687 1113
688 1112
689 1112
689 2138
690 2612
690 1098
690 2611
691 1109
691 3079
691 1910
692 2212
692 1106
692 2211
692 2213
692 2214
693 1214
693 1215
693 1216
693 1104
693 2701
693 2700
694 1113
694 1912
695 3331
695 1097
695 2736
696 1094
696 1975
697 2218
697 3313
697 1112
698 1100
699 1113
699 2296
700 2128
700 2127
700 2053
700 1106
701 1089
702 1109
703 2252
703 1107
704 1104
704 2559
705 1113
705 3247
705 2052
706 1113
706 2107
707 1088
708 1088
709 1106
709 2310
710 1093
711 2651
711 2650
711 2652
711 1099
712 1100
713 2168
713 1099
713 2167
714 1103
715 1090
716 1219
716 1110
717 1110
718 2231
718 1110
719 1100
719 3277
720 1090
721 1113
721 2222
722 1110
723 1110
724 3235
724 2231
724 1110
725 2232
725 2233
725 2234
725 1105
726 1113
726 1299
726 1300
726 1301
726 1298
727 2158
727 1112
728 2642
728 1103
729 1109
729 2916
730 2986
730 3023
730 1103
731 1090
732 1096
733 1113
734 1093
735 1106
736 1109
737 2169
737 1109
738 2241
738 2236
738 2240
738 2237
738 2239
738 2238
738 1099
738 2235
739 2242
739 2243
739 1099
740 1104
740 2162
741 1099
742 1099
743 1200
743 1099
744 1093
745 3095
745 1106
745 3308
745 3096
745 3300
745 2226
746 1109
746 3079
746 1910
747 1103
748 1100
748 2225
748 2224
749 1096
750 2939
750 1096
750 3250
750 2940
750 3330
751 2326
751 1105
752 3041
752 1096
752 3040
753 3292
753 1106
754 1104
755 1104
755 2988
756 1097
757 2469
757 1093
757 2467
757 2468
757 2466
757 1271
758 1113
758 2705
759 1109
759 2439
760 1103
761 2083
761 2262
761 1105
762 1104
762 1427
763 2577
763 1108
763 2576
764 1104
764 1434
764 1433
764 1435
765 1101
765 2244
766 1093
767 2111
767 2112
767 3111
767 1093
767 3197
767 2109
767 2110
767 3199
767 3200
767 3198
767 2113
768 1090
768 3349
769 1426
769 1109
770 1106
771 1110
772 1100
773 1109
774 2249
774 1105
774 2180
774 2181
774 2250
774 2251
775 1109
776 1110
777 1093
778 3243
778 1101
778 2996
779 1108
780 1113
780 3142
781 3165
781 2058
781 2060
781 1093
781 2059
781 2057
782 1175
782 1105
783 2139
783 1093
784 2186
784 1098
785 1100
785 3323
785 3172
786 1103
787 1238
787 1097
788 1100
789 1108
790 1109
791 1100
791 2108
792 2254
792 1090
792 3262
792 2253
793 1093
794 1113
795 1217
795 1218
795 1099
796 3187
796 1106
797 1104
797 1946
797 1945
798 1110
799 1106
800 2178
800 1106
801 1090
802 2872
802 1106
802 2871
803 1100
803 2074
803 2071
804 1469
804 1468
804 1470
804 1099
805 1090
806 1110
807 1110
808 1106
809 1106
810 2169
810 1109
811 2255
811 2256
811 1097
812 2304
812 1103
813 1106
814 3265
814 1092
815 3180
815 1106
816 1106
817 1112
818 1104
818 3320
819 1090
820 2223
820 1099
821 3352
821 1219
821 1110
822 1104
822 3102
822 3101
823 1108
823 2723
824 3012
824 3335
824 1096
824 3014
824 3295
824 3275
824 3231
824 3350
824 3010
824 3013
824 3298
824 3009
824 3011
825 1097
825 1313
826 2934
826 1655
826 2935
826 1656
826 1097
827 2038
827 2151
827 2147
827 2150
827 1108
827 2148
827 2149
828 2520
828 1106
828 3245
829 3325
829 1095
829 3255
830 2481
830 1106
831 2620
831 1107
831 2621
832 1113
832 2272
832 2273
833 3044
833 3037
833 3038
833 1105
834 2518
834 1099
834 2519
835 1201
835 1099
836 2275
836 2274
836 1106
837 1445
837 1105
837 3317
837 3368
837 1446
838 2382
838 1093
839 2172
839 3351
839 2173
839 1096
839 3253
839 3276
839 2174
840 3133
840 1109
841 1104
841 2974
842 1107
842 2175
842 2176
843 2257
843 1106
844 2609
844 1107
845 1107
845 2402
846 2219
846 1106
847 1103
848 2322
848 2950
848 1103
849 1113
849 1240
849 1239
850 1095
851 1113
852 2264
852 2263
852 1099
853 2688
853 2993
853 1099
854 2265
854 1110
855 2074
855 2073
855 2072
855 1100
855 2071
856 2584
856 2585
856 1103
857 2716
857 3306
857 1103
858 1228
858 1106
859 1088
860 1112
860 2138
861 1093
861 2267
861 2280
861 2281
861 2268
862 1105
863 2153
863 1104
863 2155
863 2152
863 2154
864 2169
864 1109
865 2904
865 1102
866 1113
866 3271
866 2220
866 2221
867 2315
867 2329
867 2328
867 1099
868 1104
868 2156
869 2182
869 2183
869 2184
869 1105
870 2883
870 1091
871 1113
871 2276
872 2769
872 1102
873 3286
873 2532
873 1103
874 1108
874 2897
875 3054
875 1106
875 3055
875 3006
876 1104
876 2564
877 1108
878 1312
878 1105
879 3133
879 1109
880 1302
880 1106
881 1104
881 2279
882 1472
882 1096
882 1475
882 1471
882 1474
882 1473
883 1094
883 1975
884 1105
885 2277
885 2278
885 1102
886 3239
886 3319
886 3259
886 1099
886 3287
887 2145
887 1100
887 2146
888 2966
888 1103
889 1104
890 1104
890 1203
890 1205
890 1204
891 2396
891 2391
891 1107
892 1104
892 1427
892 2144
893 2170
893 2171
893 1099
894 2248
894 2247
894 1102
895 2596
895 1106
895 2595
896 1113
896 2892
896 2891
896 2894
896 2893
896 1246
896 2895
896 2890
896 2889
897 1108
898 1112
899 1104
899 2748
900 1113
900 2636
901 2246
901 1109
902 2972
902 3358
902 1096
902 2973
902 3266
903 1096
903 3365
903 2674
903 2673
903 3280
904 2954
904 1096
905 2672
905 1096
906 1104
906 2955
906 3360
907 1104
907 2179
908 1251
908 1106
909 3135
909 3322
909 1099
910 1100
910 1252
911 1089
912 1087
912 2630
913 2720
913 1108
913 2949
914 3212
914 3191
914 1112
914 3214
914 2753
914 2754
914 2755
915 1112
915 2580
915 2578
915 2581
915 2579
916 2628
916 1093
916 2629
917 3290
917 1100
917 3119
918 3344
918 3053
918 1104
918 3052
918 3051
918 3050
918 3049
918 3241
919 1113
919 2733
919 2732
920 1113
920 3246
921 2738
921 2739
921 1089
921 2737
922 3140
922 3141
922 1102
923 2967
923 1090
924 2517
924 2510
924 2516
924 1102
925 3251
925 2970
925 2971
925 1096
925 3238
925 3234
925 3042
926 1520
926 1519
926 1089
926 1521
927 2640
927 1102
928 2687
928 2686
928 1102
929 2960
929 2764
929 1089
929 2740
929 2583
930 1100
930 3091
930 3092
931 1522
931 1523
931 3039
931 1112
932 3273
932 3058
932 3345
932 1112
933 1523
933 1112
933 3088
934 3057
934 2787
934 3056
934 1105
935 2704
935 1089
935 2703
935 2702
936 1494
936 1496
936 1089
936 1495
936 1498
936 1497
937 2918
937 2919
937 2920
937 1102
938 1105
939 1098
939 3221
939 2675
940 1133
940 1131
940 1103
941 1138
941 1089
941 1139
942 1148
942 1149
942 1110
943 1621
943 1114
943 1110
944 2850
944 1107
944 3043
945 3154
945 3153
945 1110
946 3301
946 1110
946 3126
947 1113
947 2608
947 3324
947 2607
948 1098
948 2927
948 2938
948 2936
948 2937
949 2537
949 1098
949 2538
950 1104
950 3099
950 3100
951 1104
951 3007
951 3008
952 2980
952 2981
952 1102
953 1096
953 3299
953 3294
953 2990
953 2991
954 1102
955 1089
956 1113
956 2735
957 2547
957 1112
958 3173
958 1102
959 2493
959 1093
959 2491
959 2492
959 2494
960 2653
960 1106
961 1087
962 1488
962 1487
962 1093
962 1486
962 1485
963 1296
963 2677
963 1295
963 1111
963 2679
963 2678
963 2680
964 2691
964 2689
964 1104
964 2767
964 3311
964 2765
964 2766
964 3363
964 2690
965 1464
965 1093
966 2853
966 1089
966 2855
966 2854
966 2852
967 1090
967 2992
968 2633
968 1089
968 2634
968 2632
968 2635
968 2631
969 1089
970 2847
970 3062
970 2582
970 1090
970 2622
970 2985
970 3001
971 1096
971 3248
971 3268
971 3067
971 3068
972 1612
972 1610
972 1611
972 1613
972 1087
973 1087
974 1093
974 1528
975 1093
976 1093
977 1575
977 1576
977 1597
977 1598
977 1087
978 1087
979 1093
979 1347
980 1871
980 1841
980 1842
980 1840
980 1873
980 1090
980 1843
980 1870
981 1093
982 1354
982 1091
983 1828
983 1827
983 1112
984 1094
985 1183
985 1094
985 1182
985 1184
986 1921
986 1091
986 1922
986 1923
986 1920
987 1095
987 3083
987 3145
988 1094
988 1378
988 1377
988 1379
989 2324
989 2303
989 2302
989 1100
989 2325
990 1094
990 1867
990 1866
990 1868
990 1869
991 1644
991 1112
991 1653
991 1650
991 1649
991 1651
991 1652
991 1642
991 1645
991 1646
991 1643
991 1654
991 1647
991 1648
992 1093
992 2354
993 2879
993 2880
993 1106
994 2923
994 1103
995 3129
995 1096
995 3267
995 3373
996 1361
996 1359
996 1360
996 1363
996 1362
996 1090
997 1100
997 1365
997 1364
998 1106
999 1113
1000 3174
1000 3315
1000 1096
1000 3284
1001 2026
1001 1090
1001 1185
1001 1188
1002 1366
1002 1369
1002 1368
1002 1088
1002 1367
1003 1113
1003 1930
1004 1166
1004 1112
1005 1103
1006 1090
1007 1100
1007 2132
1008 1107
1009 1103
1010 2131
1010 2129
1010 2130
1010 1092
1011 3047
1011 3048
1011 1164
1011 1102
1012 3133
1012 1109
1013 2169
1013 1109
1013 3370
1013 3285
1013 3336
1014 1307
1014 1306
1014 3364
1014 1099
1014 3274
1015 1109
1015 2759
1016 1113
1016 2616
1016 2615
1017 1113
1017 1308
1018 1096
1018 3229
1018 3329
1018 3131
1018 3339
1019 3226
1019 1096
1019 3304
1019 3327
1019 3337
1020 1090
1020 2983
1020 3314
1021 2394
1021 2393
1021 2391
1021 2395
1021 1107
1021 2392
1022 1430
1022 1088
1023 1104
1023 2930
1024 1662
1024 1107
1024 1617
1024 1658
1025 1101
1025 1994
1025 1993
1025 1991
1025 1992
1026 1104
1026 2694
1026 2692
1026 2693
1027 2999
1027 1107
1027 2998
1028 1090
1028 1432
1028 1431
1029 1181
1029 1090
1030 2676
1030 1098
1031 3355
1031 3257
1031 3369
1031 1108
1031 3258
1032 1180
1032 1112
1033 3218
1033 1103
1034 1099
1034 2009
1035 2561
1035 3347
1035 1108
1035 3367
1035 2562
1036 1325
1036 1323
1036 1324
1036 1088
1037 1865
1037 1844
1037 1092
1038 1104
1038 1145
1038 1444
1038 1146
1039 1098
1040 2134
1040 1104
1040 2133
1040 2087
1040 2088
1041 1108
1042 1092
1043 1104
1043 1346
1044 1104
1044 2401
1045 2163
1045 1112
1046 3143
1046 1112
1047 2741
1047 3343
1047 2227
1047 1103
1048 1469
1048 1468
1048 1099
1049 2681
1049 2683
1049 2682
1049 1099
1050 1113
1050 2706
1051 1911
1051 2587
1051 2586
1051 1090
1051 2728
1052 1104
1052 2956
1053 2830
1053 2858
1053 1098
1053 2859
1053 2831
1053 2838
1053 2832
1053 2837
1053 1261
1053 2857
1053 1262
1053 3162
1054 1096
1054 2135
1055 1162
1055 1108
1055 1163
1056 2023
1056 1105
1056 2022
1056 2025
1056 2082
1056 2083
1056 2024
1057 1105
1058 2139
1058 1093
1059 1113
1059 1934
1059 1935
1059 1936
1060 1110
1060 2514
1060 3357
1060 2513
1060 2515
1060 2511
1060 2512
1061 1104
1061 1346
1062 1104
1062 2092
1063 2090
1063 2089
1063 2140
1063 2091
1063 1090
1063 2141
1063 2142
1063 2143
1064 1112
1065 1093
1065 2093
1066 1109
1066 1461
1067 1090
1067 2619
1068 2259
1068 3264
1068 1097
1069 1106
1069 1462
1070 2671
1070 1109
1070 3242
1071 1096
1071 3321
1071 1463
1071 3256
1071 3240
1072 3181
1072 1101
1073 3137
1073 3139
1073 3138
1073 1108
1073 3136
1074 1092
1075 2591
1075 2707
1075 2708
1075 1103
1076 2592
1076 3361
1076 3296
1076 1102
1076 3269
1076 2536
1076 3340
1077 1437
1077 1438
1077 3105
1077 1102
1078 1089
1079 2726
1079 1096
1079 2727
1080 1102
1081 1093
1082 1112
1083 1113
1083 3260
1084 2747
1084 1102
1085 1100
1085 3109
1086 1109
3375 3428
3375 3427
3376 3428
3377 3428
3378 3427
3379 3427
3380 3427
3381 3427
3382 3427
3383 3427
3384 3427
3385 3427
3386 3427
3387 3427
3388 3427
3389 3427
3390 3427
3391 3427
3392 3428
3393 3427
3394 3428
3395 3427
3396 3427
3397 3428
3398 3427
3399 3428
3400 3427
3401 3427
3402 3428
3403 3427
3404 3427
3405 3427
3406 3428
3407 3428
3408 3427
3409 3427
3410 3428
3411 3428
3412 3427
3413 3427
3414 3427
3415 3428
3416 3427
3417 3427
3418 3427
3419 3428
3420 3428
3421 3428
3422 3427
3423 3427
3424 3427
3425 3427
3426 3427
